0.160154 -0.039406 2.461162
0.165330 0.266756 2.383600
0.169720 0.562857 2.294065
0.249741 0.682836 2.280046
0.038923 0.421965 2.207911
-0.022251 0.154942 2.186885
0.030193 -0.063467 2.181583
0.032975 -0.132645 2.218668
0.325710 0.446369 2.459594
0.398170 0.260440 2.606604
0.430855 0.038620 2.602234
0.415149 0.033626 2.599391
0.098977 -0.043791 2.378497
0.032207 -0.446517 2.467676
0.006432 -0.775571 2.574252
0.064760 -0.845794 2.511202
0.216972 -0.034197 2.471630
0.199981 -0.410069 2.584403
0.115521 -0.766395 2.652444
0.187381 -0.829714 2.606151
0.168785 0.490284 2.318640
0.049751 -0.186553 2.236042
0.076746 -0.106411 2.276040
0.398897 -0.029517 2.598136
0.381203 -0.000292 2.579846
