-0.225123 -0.136047 2.051581
-0.218524 0.174825 1.983337
-0.210646 0.474597 1.901623
-0.300142 0.577559 1.881378
-0.329218 0.387230 2.063216
-0.379820 0.106826 2.159356
-0.374137 -0.119324 2.150053
-0.380458 -0.154805 2.157127
-0.103257 0.323076 1.813211
-0.062814 0.046573 1.794037
-0.138175 -0.163671 1.804243
-0.166263 -0.224624 1.821898
-0.276160 -0.134269 2.065350
-0.175984 -0.565216 2.076939
-0.110482 -0.864842 2.267165
-0.144677 -0.917725 2.214589
-0.166336 -0.133043 1.965803
-0.214634 -0.519990 1.993431
-0.267561 -0.900150 2.072186
-0.334098 -0.945234 2.000079
-0.212851 0.401281 1.924307
-0.372116 -0.206943 2.159091
-0.350137 -0.142000 2.123967
-0.192215 -0.296179 1.855058
-0.122792 -0.198506 1.840909
