0.543581 -0.260569 1.669351
0.677139 -0.010880 1.507280
0.799110 0.229796 1.332539
0.915834 0.295159 1.283587
0.611175 0.160549 1.339292
0.437145 0.020769 1.413748
0.354032 -0.175755 1.478866
0.345785 -0.221460 1.503103
0.876884 0.061517 1.418531
0.898603 -0.156294 1.589682
0.929986 -0.342324 1.460350
0.931103 -0.328995 1.421910
0.458940 -0.222978 1.612851
0.300380 -0.459003 1.781458
0.021701 -0.696387 2.007945
-0.029697 -0.775379 1.984461
0.606111 -0.288096 1.656531
0.538976 -0.614599 1.775599
0.486074 -0.958410 1.896262
0.513324 -1.011082 1.857196
0.770529 0.170988 1.378103
0.325085 -0.278719 1.541931
0.352536 -0.256255 1.486960
0.930911 -0.338370 1.379797
0.972667 -0.319620 1.433000
