-0.173160 -0.111453 2.158397
-0.177376 0.195378 2.097595
-0.184567 0.490463 2.021435
-0.217686 0.622217 1.964269
-0.370060 0.381566 2.089672
-0.408358 0.123956 2.153509
-0.398805 -0.103352 2.138944
-0.382111 -0.134962 2.139929
-0.017376 0.365696 1.984599
0.125788 0.115978 2.006059
0.240807 -0.078783 1.972692
0.248521 -0.120615 1.970028
-0.247813 -0.113320 2.135214
-0.208046 -0.494017 2.286018
-0.166275 -0.837915 2.380893
-0.185874 -0.889466 2.288606
-0.093998 -0.106874 2.105455
-0.018422 -0.484423 2.126114
0.028698 -0.853093 2.231048
0.008902 -0.919122 2.147744
-0.183308 0.418172 2.043218
-0.378003 -0.211000 2.137254
-0.423160 -0.134010 2.142286
0.265707 -0.195571 1.977286
0.225206 -0.160137 1.957937
