-0.200904 -0.145164 2.031867
-0.190279 0.195938 1.994137
-0.178023 0.524289 1.942941
-0.152091 0.670030 1.958633
-0.180819 0.346634 1.819632
-0.079099 0.065074 1.804932
-0.002535 -0.137401 1.855816
-0.010507 -0.168472 1.899655
-0.116673 0.323067 1.782779
-0.040341 0.051893 1.806431
-0.014966 0.230614 1.926405
-0.029866 0.269273 1.853898
-0.253651 -0.144786 1.962268
-0.295571 -0.529057 2.144617
-0.361073 -0.875279 2.263240
-0.408785 -0.918803 2.228895
-0.140400 -0.140299 2.029412
-0.179425 -0.563742 2.129955
-0.160376 -0.871492 2.206119
-0.202104 -0.908150 2.111297
-0.181295 0.444000 1.957992
0.002349 -0.260813 1.927093
-0.038528 -0.166720 1.957077
-0.030786 0.301747 1.816608
-0.035399 0.280622 1.799500
