0.108977 -0.071509 2.375143
0.111415 0.254514 2.301437
0.111923 0.568319 2.218000
0.205108 0.651045 2.262621
0.042269 0.405185 2.099910
0.043236 0.154902 2.049536
0.241497 0.111363 2.153447
0.273316 0.115075 2.194371
0.215216 0.368164 2.107348
0.109734 0.113130 2.069602
0.226725 0.060853 2.322470
0.218460 0.024664 2.297893
0.031880 -0.059891 2.317853
0.062975 -0.458813 2.442164
0.013721 -0.810791 2.574419
0.107746 -0.848983 2.537794
0.182303 -0.082044 2.356400
0.186423 -0.453274 2.607001
0.123469 -0.800909 2.694789
0.215570 -0.837529 2.641630
0.112203 0.491614 2.240732
0.308594 0.107063 2.221473
0.265127 0.076132 2.200751
0.196225 -0.047347 2.340999
0.219000 0.052658 2.301667
