0.141976 -0.234336 1.658863
0.123803 0.074593 1.598529
0.104695 0.371212 1.523580
0.159397 0.508860 1.489436
-0.050097 0.244755 1.481841
-0.130856 0.035071 1.474027
-0.005809 -0.051475 1.373855
0.065136 -0.064380 1.331649
0.297847 0.262343 1.608285
0.406728 0.069133 1.570257
0.301828 0.003265 1.433808
0.247286 -0.010460 1.389907
0.069292 -0.232789 1.601802
0.018276 -0.567453 1.664871
0.021619 -0.922229 1.807670
0.038459 -0.979695 1.761860
0.208746 -0.226277 1.644694
0.224842 -0.549160 1.722555
0.134329 -0.885373 1.961761
0.160760 -0.923836 1.862489
0.109600 0.298901 1.544616
0.121896 -0.089670 1.309412
0.043341 -0.099703 1.411500
0.218158 -0.011907 1.358778
0.211170 -0.037251 1.430667
