-0.590196 -0.166083 2.006315
-0.666220 0.175524 1.980380
-0.735958 0.506423 1.937703
-0.824205 0.636721 1.962293
-0.831617 0.422502 2.091929
-0.872993 0.137746 1.965473
-0.975109 -0.082301 2.135275
-0.989349 -0.089286 2.158245
-0.625890 0.338145 1.859093
-0.840956 0.136434 1.820805
-0.900761 -0.015811 1.962321
-0.950102 -0.049561 2.036019
-0.626999 -0.174576 1.955678
-0.532361 -0.521507 2.178256
-0.525926 -0.828621 2.274575
-0.582278 -0.869617 2.200454
-0.532232 -0.153321 1.986149
-0.605629 -0.542893 1.960166
-0.559659 -0.911837 2.000663
-0.641349 -0.946318 1.998114
-0.719538 0.425277 1.950555
-1.037697 -0.129081 2.228032
-1.079445 -0.023119 2.177500
-0.981501 -0.090374 2.138070
-0.956028 -0.017166 1.965400
