-0.534535 -0.194244 1.884497
-0.673729 0.102872 1.800843
-0.806774 0.387044 1.701466
-0.922312 0.492353 1.704313
-1.002843 0.209004 1.870750
-0.862431 -0.033652 1.725871
-0.916162 -0.185569 1.968320
-0.900744 -0.198800 2.008959
-0.675395 0.240468 1.623214
-0.822185 -0.022995 1.649818
-0.943713 -0.164174 1.793362
-0.994565 -0.183645 1.853602
-0.572196 -0.218807 1.899737
-0.471857 -0.530509 2.054809
-0.490602 -0.898527 2.202857
-0.565251 -0.918676 2.115435
-0.476997 -0.161634 1.799477
-0.518146 -0.562962 1.947453
-0.551197 -0.911662 1.978542
-0.632084 -0.948059 1.963197
-0.774705 0.318249 1.728287
-1.003298 -0.167797 2.084945
-0.966419 -0.197382 1.949000
-1.039688 -0.223914 1.911489
-1.043471 -0.139484 1.847670
