0.023496 -0.146333 2.341238
0.088858 0.197601 2.303046
0.152377 0.530664 2.252224
0.236280 0.655204 2.292087
0.060114 0.375375 2.114489
0.077358 0.073928 2.065647
0.125437 -0.139276 2.108515
0.114532 -0.203650 2.146713
0.224337 0.303540 2.068830
0.260693 0.022374 2.171426
0.235163 -0.075631 2.443867
0.249555 -0.086836 2.673617
-0.049302 -0.137057 2.275269
0.085701 -0.476209 2.404560
-0.015519 -0.815016 2.510471
0.069326 -0.857414 2.490142
0.095534 -0.150585 2.336223
0.176210 -0.434432 2.452220
0.175217 -0.720768 2.763942
0.149659 -0.762385 2.659325
0.136762 0.448955 2.267171
0.110382 -0.258917 2.160580
0.087694 -0.179719 2.206118
0.252909 -0.086735 2.670725
0.254765 -0.076879 2.654223
