-0.085151 -0.103513 2.179731
-0.080720 0.196374 2.112028
-0.075812 0.486174 2.031542
0.002531 0.601124 1.992146
-0.205537 0.358838 1.949901
-0.246782 0.134490 1.905132
-0.016584 0.139487 1.886780
0.041056 0.158457 1.894309
0.080806 0.378331 2.164906
0.152372 0.160505 2.140618
0.056267 0.144777 1.897965
0.012276 0.154923 1.883585
-0.144067 -0.101148 2.101042
-0.236745 -0.503780 2.140562
-0.295936 -0.858369 2.229410
-0.272212 -0.915971 2.149783
-0.022158 -0.102082 2.184853
-0.056803 -0.474523 2.304325
-0.129308 -0.819742 2.404656
-0.061603 -0.876264 2.365598
-0.077119 0.415218 2.053893
0.111612 0.163753 1.915935
0.054398 0.202742 1.878375
-0.044983 0.138559 1.855473
-0.008677 0.120374 1.866273
