0.335638 -0.149290 2.057167
0.398261 0.141721 1.955871
0.463187 0.420677 1.841874
0.577053 0.512982 1.838354
0.302203 0.303795 1.748157
0.166265 0.099711 1.702787
0.353461 -0.078139 1.727482
0.356585 -0.103055 1.736109
0.643965 0.437414 2.087849
0.662132 0.130245 2.061004
0.802701 -0.055410 2.054417
0.885491 -0.119684 2.048394
0.284461 -0.147889 1.963539
0.227250 -0.521716 2.012779
0.240412 -0.861344 2.155021
0.312656 -0.918328 2.115037
0.374886 -0.145852 2.079801
0.413365 -0.509838 2.182678
0.377362 -0.851387 2.285756
0.454495 -0.901060 2.261647
0.447402 0.352247 1.872697
0.390855 -0.140483 1.767225
0.320082 -0.127323 1.718211
0.947016 -0.176803 2.071385
0.916582 -0.186742 2.097833
