-0.165530 -0.131210 2.177388
-0.171708 0.189947 2.090631
-0.175795 0.497950 1.989824
-0.268791 0.593346 1.946135
-0.310525 0.336822 2.136624
-0.348878 0.119490 2.327917
-0.386024 -0.094450 2.370740
-0.368122 -0.140324 2.392724
-0.042510 0.385339 1.910829
-0.129296 0.256785 1.730517
-0.266266 0.416472 1.789364
-0.295162 0.447788 1.815910
-0.230115 -0.129726 2.186543
-0.244394 -0.432345 2.318904
-0.167468 -0.836919 2.408235
-0.182436 -0.897287 2.333041
-0.095027 -0.127978 2.094452
-0.087805 -0.473339 2.132117
-0.078690 -0.844842 2.232357
-0.132444 -0.912207 2.161268
-0.175043 0.422793 2.017460
-0.365101 -0.173110 2.408857
-0.389490 -0.131390 2.384667
-0.329679 0.508353 1.855534
-0.338939 0.443092 1.801595
