-0.507034 -0.415594 2.615626
-0.505059 -0.118462 2.616384
-0.501452 0.171310 2.604120
-0.499381 0.307841 2.559829
-0.670249 0.059871 2.572580
-0.709320 -0.158115 2.483750
-0.644477 -0.314290 2.326534
-0.618960 -0.360931 2.311671
-0.329906 0.062750 2.594988
-0.286477 -0.154436 2.499144
-0.342915 -0.323746 2.330112
-0.374880 -0.365850 2.290067
-0.584889 -0.410606 2.579815
-0.605737 -0.451282 2.217947
-0.539600 -0.783294 1.930380
-0.526385 -0.822458 1.824729
-0.415184 -0.409506 2.581145
-0.491354 -0.579542 2.159389
-0.472017 -0.933902 2.047737
-0.505188 -0.872391 1.932701
-0.502807 0.099842 2.609558
-0.612057 -0.401877 2.272425
-0.566266 -0.350992 2.338171
-0.404375 -0.430600 2.213900
-0.421377 -0.361235 2.285706
