-0.519512 -0.055045 2.289734
-0.557428 0.278366 2.248701
-0.591430 0.599081 2.193822
-0.627336 0.745057 2.208392
-0.736771 0.406910 2.187693
-0.838145 0.353442 2.359072
-0.813298 0.574246 2.350924
-0.806327 0.648382 2.351896
-0.425205 0.458030 2.199212
-0.308498 0.326091 2.364901
-0.491550 0.522669 2.485194
-0.553023 0.588675 2.529187
-0.587553 -0.063360 2.252638
-0.561215 -0.492396 2.342833
-0.535792 -0.833294 2.445289
-0.526141 -0.874693 2.338702
-0.435242 -0.045067 2.255567
-0.367649 -0.473777 2.335358
-0.314911 -0.843508 2.371600
-0.351510 -0.881100 2.295897
-0.583463 0.520493 2.209800
-0.809540 0.652716 2.355895
-0.794251 0.637101 2.323630
-0.576739 0.673054 2.596398
-0.515078 0.563234 2.535462
