-0.022787 -0.070177 2.026026
-0.109046 0.220036 1.903799
-0.194527 0.497568 1.771400
-0.289465 0.605719 1.768555
-0.243614 0.434428 1.943279
-0.214478 0.220690 2.049994
-0.156100 -0.013343 1.967710
-0.161952 -0.077706 1.964795
-0.113006 0.343358 1.704594
-0.145928 0.094443 1.735361
-0.189767 -0.111423 1.836512
-0.197128 -0.152031 1.867701
-0.051947 -0.057705 2.019640
-0.018778 -0.369322 2.238798
-0.158611 -0.754434 2.413965
-0.222430 -0.795924 2.429173
0.005371 -0.079268 1.956606
-0.104781 -0.427346 2.065116
-0.051522 -0.794566 2.220808
-0.132104 -0.853460 2.202908
-0.173565 0.429995 1.807018
-0.162774 -0.080619 1.954719
-0.160355 -0.083513 1.958581
-0.221605 -0.211031 1.911363
-0.231890 -0.145488 1.861636
