-0.266462 -0.051164 2.170208
-0.275231 0.262717 2.102233
-0.280387 0.568109 2.022838
-0.200979 0.681854 2.028986
-0.370660 0.428466 1.934980
-0.397359 0.174888 1.912632
-0.337174 -0.008439 1.924493
-0.323735 -0.055698 1.939709
-0.196582 0.457165 2.145474
-0.180390 0.231474 2.244225
-0.141331 0.049902 2.244106
-0.154571 0.008118 2.225920
-0.307364 -0.054790 2.085912
-0.342569 -0.449997 2.085534
-0.393557 -0.811877 2.183849
-0.378606 -0.876363 2.113405
-0.215383 -0.045703 2.183347
-0.243199 -0.421659 2.300910
-0.298720 -0.748135 2.353493
-0.233812 -0.797344 2.364940
-0.279518 0.493208 2.044792
-0.317409 -0.137815 1.957661
-0.363411 -0.037794 1.943357
-0.147586 -0.038701 2.218465
-0.167772 0.020453 2.158300
