-0.436924 -0.431672 2.636818
-0.431167 -0.183714 2.529776
-0.422235 0.057032 2.411094
-0.464112 0.187723 2.427930
-0.579991 0.017665 2.441676
-0.480516 0.119454 2.219303
-0.339505 0.173091 2.099303
-0.388017 0.159136 2.105455
-0.294360 0.092172 2.428981
-0.170372 -0.028548 2.536649
-0.239543 -0.207110 2.491191
-0.277654 -0.228170 2.459376
-0.503742 -0.434763 2.587956
-0.523453 -0.465838 2.214599
-0.516241 -0.840773 2.083297
-0.501702 -0.858546 1.956839
-0.358344 -0.416993 2.615311
-0.230640 -0.458377 2.218787
-0.146890 -0.795258 2.145180
-0.127507 -0.826497 2.013859
-0.424735 -0.002329 2.443091
-0.356416 0.194759 2.057945
-0.350932 0.199053 2.096273
-0.282748 -0.258750 2.397613
-0.324312 -0.200171 2.457312
