-0.329686 0.006685 2.315199
-0.275507 0.317061 2.227199
-0.220212 0.618270 2.130687
-0.185987 0.756517 2.131835
-0.374018 0.493444 2.132516
-0.565455 0.463501 2.269539
-0.641002 0.567961 2.385017
-0.636590 0.630054 2.464520
-0.106522 0.441306 2.108077
-0.045844 0.235769 2.145643
-0.084982 0.081837 2.259609
-0.135842 0.046801 2.282413
-0.399110 0.017516 2.291370
-0.509793 -0.254684 2.437731
-0.504118 -0.565653 2.202840
-0.471043 -0.481310 2.179137
-0.250118 -0.004398 2.267597
-0.241473 -0.350717 2.387493
-0.226192 -0.714675 2.511621
-0.232943 -0.765541 2.405617
-0.234409 0.544441 2.156570
-0.654342 0.682009 2.521214
-0.649914 0.597818 2.415000
-0.155419 -0.029038 2.322332
-0.179737 0.038305 2.206733
