-0.373384 0.115820 2.695445
-0.372248 0.424128 2.603809
-0.369881 0.723728 2.500839
-0.382865 0.857182 2.482079
-0.506617 0.620051 2.510779
-0.633968 0.792867 2.610578
-0.750440 0.986303 2.693459
-0.786582 1.018394 2.708357
-0.305491 0.598054 2.496864
-0.193149 0.383445 2.560215
-0.164507 0.214414 2.650979
-0.189962 0.167974 2.669719
-0.441230 0.113091 2.669569
-0.384387 -0.225101 2.727434
-0.331300 -0.521081 2.382804
-0.333460 -0.574985 2.276868
-0.296033 0.115138 2.650512
-0.261729 -0.251767 2.727289
-0.240976 -0.666508 2.814478
-0.297605 -0.729200 2.748772
-0.370798 0.650160 2.528622
-0.838377 1.049196 2.761645
-0.833288 1.009356 2.765200
-0.182856 0.111185 2.724956
-0.216154 0.139100 2.597732
