0.144939 -0.037550 2.134426
0.106583 0.263520 2.063100
0.068276 0.552889 1.977728
-0.009130 0.673261 1.984942
-0.014088 0.448430 2.126385
0.008940 0.212576 2.202851
0.046424 0.017954 2.199624
0.040828 -0.026839 2.196019
0.160181 0.411130 1.884683
0.219631 0.162652 1.869909
0.187851 -0.027408 1.897626
0.172587 -0.083288 1.916506
0.101119 -0.031387 2.137186
0.177260 -0.428484 2.112196
0.312559 -0.765205 2.374362
0.259424 -0.815025 2.362233
0.183885 -0.042426 2.059616
0.137013 -0.359957 2.034343
0.048495 -0.800606 2.112029
-0.006596 -0.872603 2.036877
0.077793 0.482225 2.001411
0.053305 -0.110388 2.168922
0.049877 -0.048463 2.135700
0.159497 -0.158273 1.925487
0.145709 -0.061971 1.880529
