-0.283627 -0.101346 2.044152
-0.364336 0.212679 1.945652
-0.446083 0.514691 1.853591
-0.544744 0.631301 1.866067
-0.501489 0.413639 1.999267
-0.481087 0.231541 2.135556
-0.463972 0.014645 2.177932
-0.433768 -0.028571 2.115466
-0.359064 0.345853 1.740261
-0.380947 0.091497 1.735653
-0.433476 -0.123728 1.823866
-0.437598 -0.194486 1.869959
-0.306849 -0.094311 2.045536
-0.401476 -0.479550 2.059572
-0.166649 -0.786508 2.199225
-0.238611 -0.830485 2.222862
-0.250268 -0.105391 1.968809
-0.437332 -0.394623 1.998091
-0.501230 -0.806831 2.153026
-0.582263 -0.856612 2.135294
-0.425061 0.441393 1.878680
-0.431601 -0.033177 2.098057
-0.431522 -0.032972 2.085136
-0.485662 -0.264915 1.892774
-0.389368 -0.215732 1.854193
