-0.163062 -0.032031 2.223291
-0.107304 0.288342 2.140727
-0.051283 0.597086 2.046469
0.049256 0.685288 2.058007
-0.091415 0.426146 1.934370
-0.024936 0.139369 1.943181
0.033912 -0.041300 2.035156
0.032021 -0.098696 2.083058
0.033059 0.492232 2.179499
0.028502 0.247326 2.286039
0.031590 -0.042017 2.225827
0.050883 -0.069599 2.274492
-0.186677 -0.037112 2.152912
-0.205992 -0.427470 2.313629
0.133701 -0.741772 2.415588
0.208445 -0.785853 2.358987
-0.134150 -0.025868 2.221766
-0.035001 -0.410984 2.302704
-0.247111 -0.771550 2.339165
-0.155862 -0.805508 2.357450
-0.065327 0.521628 2.072297
0.050678 -0.165562 2.119742
0.067063 -0.101488 2.090529
0.054811 -0.086804 2.282248
0.048047 -0.062501 2.239949
