0.420097 0.040804 2.369656
0.414519 0.325831 2.275906
0.407311 0.600917 2.171102
0.496188 0.687683 2.147293
0.282419 0.493556 2.127475
0.234052 0.231341 2.133551
0.299313 0.025389 2.141327
0.319865 -0.043257 2.176561
0.521010 0.507451 2.304799
0.532862 0.316560 2.399654
0.535687 0.087924 2.397108
0.531036 0.059532 2.389999
0.358822 0.032934 2.298337
0.337077 -0.364591 2.310346
0.305287 -0.709818 2.466905
0.334672 -0.782604 2.398048
0.469258 0.047634 2.369943
0.500902 -0.275854 2.514218
0.425463 -0.679638 2.587062
0.483496 -0.735788 2.557834
0.409484 0.533641 2.199337
0.337968 -0.110077 2.179692
0.348975 -0.022275 2.152541
0.539960 -0.009287 2.402543
0.500654 0.043865 2.334150
