0.302352 -0.047538 2.112106
0.307069 0.250134 2.013332
0.314324 0.538906 1.901527
0.407496 0.626822 1.882946
0.204791 0.394467 1.832205
0.185971 0.109463 1.836831
0.253757 -0.086060 1.887297
0.258571 -0.131131 1.937839
0.400424 0.436106 2.037255
0.386424 0.225197 2.187071
0.396289 -0.063590 2.223003
0.428396 -0.082118 2.196628
0.248663 -0.054051 2.041807
0.230696 -0.416059 2.153661
0.096115 -0.773446 2.259446
0.183185 -0.830292 2.219363
0.346247 -0.038676 2.111089
0.390379 -0.407522 2.279775
0.458030 -0.742131 2.335881
0.538939 -0.783696 2.349740
0.312514 0.468240 1.931234
0.282749 -0.192490 1.970493
0.302526 -0.124995 1.948000
0.431799 -0.097459 2.183924
0.419878 -0.076839 2.171000
