-0.388414 0.115667 2.676549
-0.390770 0.412569 2.568481
-0.389936 0.699549 2.447535
-0.409804 0.831799 2.442015
-0.541380 0.617577 2.487756
-0.704835 0.752493 2.661524
-0.759212 0.904073 2.796015
-0.754343 0.940830 2.799129
-0.308641 0.573678 2.443637
-0.213136 0.326916 2.515567
-0.197997 0.146002 2.620633
-0.209067 0.118101 2.649598
-0.448529 0.111577 2.654910
-0.484992 -0.191582 2.725322
-0.384764 -0.498214 2.394251
-0.398519 -0.555778 2.289807
-0.317369 0.115631 2.625398
-0.261217 -0.299665 2.689034
-0.232842 -0.647108 2.733688
-0.250397 -0.708253 2.658901
-0.390530 0.629118 2.479687
-0.739638 0.975351 2.784630
-0.712791 0.977140 2.746750
-0.203682 0.086348 2.673455
-0.221595 0.078790 2.600034
