-0.383241 0.111245 2.662340
-0.391716 0.403553 2.549802
-0.395804 0.680994 2.425005
-0.413012 0.810113 2.413376
-0.542304 0.599211 2.471914
-0.658863 0.751083 2.666372
-0.634858 0.933093 2.767782
-0.613769 0.951557 2.775296
-0.304429 0.566714 2.428672
-0.204533 0.330900 2.500920
-0.181630 0.148991 2.603334
-0.192911 0.111851 2.633505
-0.444083 0.106706 2.645581
-0.485810 -0.192127 2.748032
-0.386174 -0.472992 2.394346
-0.398212 -0.531695 2.290111
-0.312293 0.112072 2.606274
-0.260339 -0.311298 2.678901
-0.231548 -0.663274 2.729777
-0.254285 -0.728791 2.668181
-0.395286 0.613862 2.458401
-0.633435 0.976467 2.797991
-0.663233 0.942209 2.792800
-0.193961 0.025948 2.663222
-0.214857 0.087851 2.590561
