-0.297057 -0.002791 2.150066
-0.300433 0.294429 2.080253
-0.301405 0.581552 1.998297
-0.308904 0.710680 1.983548
-0.440549 0.458399 2.027383
-0.496807 0.199092 2.097812
-0.494687 -0.015238 2.116596
-0.482129 -0.055699 2.132114
-0.158670 0.448935 1.953042
-0.030563 0.511432 1.775086
-0.177839 0.664836 1.775227
-0.238273 0.710208 1.802361
-0.358632 -0.003076 2.120702
-0.376210 -0.361563 2.270990
-0.384266 -0.721667 2.425808
-0.439732 -0.805500 2.380044
-0.225662 -0.002242 2.107510
-0.159080 -0.347420 2.220212
-0.126353 -0.731254 2.370476
-0.096490 -0.806664 2.309024
-0.301538 0.511335 2.020914
-0.474294 -0.096237 2.148006
-0.517234 -0.057042 2.123805
-0.285432 0.750477 1.788891
-0.281866 0.666644 1.814763
