-0.224507 -0.032823 2.284276
-0.230904 0.272167 2.154436
-0.235089 0.568126 2.012568
-0.162877 0.683594 2.009094
-0.316608 0.416368 1.934953
-0.342936 0.164533 1.951334
-0.301234 -0.004630 2.005816
-0.285277 -0.051378 2.055695
-0.151706 0.477950 2.154423
-0.149667 0.278338 2.293726
-0.136484 0.094679 2.310642
-0.130944 0.035157 2.300759
-0.261428 -0.041602 2.208410
-0.303698 -0.430754 2.285040
-0.320642 -0.751324 2.374626
-0.303747 -0.827054 2.303838
-0.179886 -0.022652 2.288472
-0.142847 -0.381130 2.440064
-0.109568 -0.703822 2.520237
-0.037157 -0.740373 2.554655
-0.234371 0.495640 2.050164
-0.278428 -0.130336 2.091845
-0.348543 -0.028671 2.072479
-0.119896 -0.036276 2.300358
-0.148823 0.029812 2.199667
