-0.100239 0.005775 2.353779
-0.115018 0.301693 2.271851
-0.127808 0.588456 2.177929
-0.061788 0.701068 2.170472
-0.254003 0.466844 2.132571
-0.306505 0.220118 2.152964
-0.267060 0.016095 2.168939
-0.250648 0.004606 2.182623
-0.008278 0.493614 2.323077
0.055388 0.301942 2.466919
0.168492 0.126555 2.445272
0.184397 0.066714 2.432103
-0.156967 -0.002059 2.283796
-0.247652 -0.349126 2.345634
-0.313941 -0.707417 2.435494
-0.372040 -0.798617 2.388996
-0.040008 0.013242 2.354299
-0.007378 -0.295811 2.489158
-0.014555 -0.669168 2.639963
0.043621 -0.718921 2.638466
-0.124846 0.518171 2.203536
-0.233335 -0.066531 2.202832
-0.216010 0.003046 2.162556
0.190699 0.014159 2.421013
0.162175 0.060793 2.432000
