-0.075159 -0.044554 2.397214
-0.149645 0.212855 2.223780
-0.225048 0.470408 2.019362
-0.283587 0.521374 1.955303
-0.338806 0.339214 2.179238
-0.299058 0.154834 2.250843
-0.129825 0.043775 2.280036
-0.051171 -0.011468 2.254538
-0.062076 0.433484 2.090007
0.059301 0.270580 2.122608
-0.047118 0.079738 2.133250
-0.099591 0.019016 2.177531
-0.138069 -0.058058 2.374536
-0.142902 -0.346561 2.456488
-0.114268 -0.681108 2.521668
-0.098744 -0.739985 2.396279
-0.011625 -0.028810 2.339291
0.078490 -0.324140 2.427282
0.117332 -0.655199 2.603494
0.170135 -0.741405 2.534911
-0.208073 0.408014 2.069950
-0.012441 -0.051460 2.270598
-0.020050 0.046797 2.208200
-0.141763 -0.054033 2.173647
-0.058124 0.014868 2.222960
