-0.009660 -0.002648 2.328284
0.019876 0.317210 2.266728
0.047238 0.626304 2.194045
0.143330 0.680104 2.198015
-0.030168 0.450275 2.090230
0.059651 0.189784 2.132702
-0.003555 -0.079492 2.148136
0.008660 -0.199775 2.180614
0.158085 0.558683 2.395087
0.112752 0.394662 2.497754
0.059903 0.184346 2.405709
0.004283 0.122468 2.425912
-0.039976 -0.010171 2.218447
0.029136 -0.412221 2.276827
-0.042600 -0.777343 2.318383
0.039874 -0.818552 2.274701
0.018097 0.004014 2.378719
-0.064352 -0.406329 2.388570
-0.113893 -0.752963 2.466898
-0.018537 -0.787352 2.385540
0.040615 0.550480 2.214329
0.008745 -0.272336 2.198504
-0.036418 -0.188658 2.156451
0.004233 0.118758 2.413671
0.005808 0.120886 2.402256
