0.119252 0.043392 2.582891
0.173709 0.341353 2.491611
0.227424 0.630222 2.390168
0.320689 0.703104 2.386549
0.092120 0.524724 2.328360
-0.040840 0.322810 2.292258
-0.034190 0.118914 2.310236
-0.004913 0.081819 2.343675
0.337455 0.541574 2.584755
0.469305 0.461402 2.700654
0.641247 0.366797 2.741381
0.697771 0.327922 2.767929
0.070412 0.044922 2.498770
-0.035165 -0.322591 2.475602
-0.100941 -0.693289 2.525250
-0.107620 -0.772754 2.439314
0.165163 0.040602 2.593745
0.117411 -0.306191 2.702372
0.079052 -0.633589 2.748677
0.156320 -0.691857 2.746436
0.214289 0.559402 2.417569
0.015092 0.015718 2.371510
0.037839 0.111800 2.359704
0.743789 0.283966 2.818064
0.691550 0.301784 2.778600
