-0.061705 -0.054898 2.252733
-0.060443 0.251461 2.118960
-0.059398 0.547507 1.972067
-0.149666 0.660680 1.981813
-0.142718 0.425770 2.121657
-0.123378 0.208506 2.206556
-0.091759 -0.033622 2.187051
-0.113424 -0.064275 2.151179
0.025348 0.402921 1.908761
0.045738 0.151715 1.924600
-0.001502 -0.015928 1.977853
-0.020803 -0.064093 2.024924
-0.112085 -0.049734 2.257408
-0.158891 -0.409090 2.404512
-0.222335 -0.733142 2.459471
-0.317577 -0.768428 2.417407
-0.010261 -0.059221 2.176848
-0.007979 -0.437781 2.290954
0.026587 -0.754720 2.386733
-0.026384 -0.816034 2.327292
-0.059697 0.475093 2.011065
-0.110111 -0.111989 2.170027
-0.091975 -0.066299 2.071558
-0.044609 -0.142691 2.050083
-0.068779 -0.015442 2.037650
