0.015512 0.028259 2.443347
-0.015369 0.322899 2.341963
-0.046340 0.607624 2.228773
-0.060104 0.699394 2.174388
-0.188293 0.499749 2.289572
-0.218971 0.282534 2.337902
-0.178719 0.080547 2.321932
-0.160374 0.036725 2.320728
0.118985 0.529067 2.282708
0.253516 0.340295 2.350521
0.236033 0.135176 2.350090
0.201086 0.098731 2.357437
-0.056487 0.023716 2.403553
-0.065627 -0.329061 2.489889
-0.053466 -0.679981 2.567877
-0.070283 -0.766591 2.473697
0.086892 0.032080 2.409229
0.110497 -0.294117 2.537720
0.089339 -0.648781 2.717495
0.163337 -0.699699 2.734369
-0.038672 0.537927 2.259229
-0.133281 -0.046418 2.325252
-0.188206 0.007258 2.329143
0.184451 0.040275 2.384210
0.239196 0.098006 2.349125
