-0.298694 -0.054806 2.109428
-0.309491 0.237065 2.052008
-0.318612 0.519414 1.982304
-0.325296 0.647733 1.906030
-0.458398 0.486907 2.038731
-0.519173 0.311641 1.942980
-0.429620 0.446572 1.842415
-0.435775 0.472571 1.832167
-0.165393 0.409020 1.959355
-0.057151 0.373722 1.795772
-0.195868 0.493168 1.794349
-0.249069 0.545895 1.805630
-0.364915 -0.054273 2.087187
-0.383432 -0.386520 2.202587
-0.378104 -0.760767 2.340528
-0.425075 -0.836290 2.281754
-0.222414 -0.053458 2.060208
-0.172956 -0.370838 2.178356
-0.142600 -0.744084 2.344296
-0.099929 -0.817970 2.282874
-0.316755 0.450374 2.001863
-0.426212 0.537132 1.787044
-0.409533 0.481721 1.869071
-0.297111 0.589698 1.775745
-0.268151 0.572418 1.753818
