-0.124886 -0.051162 2.130402
-0.119090 0.278682 2.103683
-0.111632 0.595820 2.054899
-0.028813 0.713126 2.067419
-0.178733 0.449350 1.943315
-0.195916 0.197362 1.888331
-0.136130 0.014546 1.905292
-0.128076 -0.037749 1.944939
-0.023739 0.467785 2.156643
-0.028482 0.244723 2.261367
-0.041062 0.008430 2.183239
-0.048715 -0.080764 2.173626
-0.167520 -0.054510 2.083664
-0.118850 -0.437641 2.063583
-0.101291 -0.822543 2.117740
-0.023529 -0.875977 2.074219
-0.077873 -0.045367 2.102376
-0.180598 -0.390278 2.257339
-0.190430 -0.722326 2.305629
-0.115076 -0.787191 2.242827
-0.114176 0.518031 2.069777
-0.095607 -0.113567 1.965054
-0.160552 -0.087332 1.944934
-0.049336 -0.098442 2.199181
-0.049228 -0.076821 2.131000
