0.385744 -0.005399 2.241384
0.403669 0.281858 2.129785
0.417539 0.559808 2.006471
0.370697 0.682879 1.964238
0.295661 0.508562 2.138279
0.262881 0.279249 2.228251
0.229417 0.075547 2.247790
0.245721 0.023248 2.233571
0.526868 0.437079 1.966871
0.576747 0.192827 2.000621
0.544465 0.016747 2.041535
0.519298 -0.028102 2.056004
0.320788 0.004707 2.234197
0.307011 -0.329039 2.347544
0.330952 -0.688861 2.467932
0.263082 -0.754404 2.472777
0.437924 -0.015291 2.177386
0.507580 -0.344273 2.254883
0.534242 -0.710894 2.390800
0.565418 -0.784703 2.345313
0.414679 0.491783 2.039392
0.240691 -0.055299 2.244117
0.274263 0.003084 2.166421
0.502271 -0.112765 2.079247
0.482588 -0.009447 2.032889
