-0.105866 -0.082779 2.134510
-0.119195 0.224988 2.006202
-0.132517 0.522141 1.865664
-0.228166 0.625791 1.861357
-0.219229 0.420512 2.003401
-0.205552 0.201129 2.114229
-0.214191 0.032982 2.180552
-0.215967 -0.011773 2.156197
-0.034457 0.378128 1.804938
-0.001168 0.126285 1.818962
-0.035316 -0.045470 1.869192
-0.045022 -0.071515 1.901916
-0.158889 -0.076732 2.145088
-0.197960 -0.431826 2.303673
-0.230337 -0.753906 2.385328
-0.273926 -0.813965 2.367188
-0.049259 -0.085931 2.051872
-0.008034 -0.398088 2.112486
0.041990 -0.771415 2.273128
-0.036003 -0.829248 2.244457
-0.129296 0.449567 1.902856
-0.219526 -0.073256 2.165122
-0.196146 -0.020250 2.088250
-0.048358 -0.113501 1.921571
-0.084493 -0.100671 1.874860
