-0.379044 -0.010328 2.297447
-0.419538 0.274137 2.184431
-0.455645 0.549304 2.059139
-0.414417 0.670008 2.023082
-0.566256 0.415619 2.014107
-0.583390 0.167536 2.053251
-0.512031 -0.001921 2.076989
-0.495442 -0.036872 2.098045
-0.330295 0.485487 2.184170
-0.282535 0.264080 2.284433
-0.257698 0.081020 2.298317
-0.258324 0.027446 2.278767
-0.431676 -0.027068 2.232956
-0.474233 -0.348369 2.314684
-0.468416 -0.730395 2.472034
-0.464927 -0.807765 2.405333
-0.313684 0.006652 2.289839
-0.213634 -0.314392 2.388405
-0.159381 -0.692568 2.541972
-0.087123 -0.734257 2.524665
-0.447300 0.481945 2.092609
-0.469785 -0.105150 2.122868
-0.527529 -0.042958 2.080686
-0.210565 -0.044024 2.294828
-0.299189 0.021212 2.206200
