0.555319 -0.025837 2.335893
0.621057 0.296246 2.244949
0.669386 0.606642 2.145968
0.786270 0.679897 2.122128
0.554178 0.478066 2.055942
0.464076 0.261273 1.992082
0.543468 0.057885 2.070497
0.541001 0.022851 2.136141
0.789397 0.449051 2.321870
0.636039 0.385675 2.115885
0.740510 0.159681 2.130861
0.761177 0.079010 2.104955
0.497618 -0.018372 2.303880
0.562606 -0.356095 2.302202
0.591711 -0.733080 2.384065
0.668576 -0.789662 2.338874
0.596520 -0.032460 2.297649
0.560869 -0.425344 2.328145
0.517835 -0.691256 2.640581
0.571109 -0.740898 2.563008
0.658749 0.530505 2.172134
0.571781 -0.050232 2.171442
0.558037 0.056678 2.069062
0.758683 0.073320 2.098115
0.758544 0.075515 2.088921
