0.543220 0.030557 2.422026
0.560012 0.330275 2.341902
0.572711 0.619910 2.250773
0.623137 0.716599 2.184698
0.426002 0.526489 2.229538
0.341982 0.286074 2.238523
0.361570 0.095755 2.236174
0.381630 0.050380 2.263747
0.702885 0.497125 2.355689
0.723987 0.285589 2.380203
0.776890 0.040935 2.369761
0.798722 -0.090468 2.360569
0.468052 0.035792 2.357013
0.370712 -0.327002 2.374212
0.299143 -0.698145 2.452398
0.269725 -0.765567 2.379039
0.601262 0.024519 2.417254
0.583377 -0.310251 2.544803
0.549034 -0.673306 2.651672
0.629632 -0.710432 2.644562
0.570194 0.548963 2.275601
0.393495 -0.018770 2.263709
0.431068 0.057981 2.243206
0.799935 -0.103576 2.331546
0.791254 -0.089622 2.338500
