0.073383 0.032760 2.426023
0.031475 0.308501 2.314448
-0.017800 0.575907 2.192160
-0.032203 0.691905 2.116057
-0.158126 0.481165 2.233512
-0.194533 0.283379 2.257913
-0.087857 0.127706 2.181150
-0.035646 0.127280 2.158400
0.153126 0.519177 2.223828
0.238717 0.338080 2.262406
0.132739 0.251295 2.100476
0.104015 0.201170 2.077268
0.003975 0.021343 2.392989
0.006113 -0.310080 2.499256
0.025434 -0.686902 2.590302
0.004429 -0.755162 2.511971
0.140528 0.043198 2.386676
0.227257 -0.312136 2.415444
0.238674 -0.638419 2.546535
0.211250 -0.701693 2.588803
-0.005071 0.510385 2.224756
0.022049 0.092600 2.096001
-0.007229 0.097169 2.171909
0.104078 0.107665 2.053495
0.106661 0.107451 2.049333
