0.023422 -0.063478 2.096768
0.066784 0.235472 2.003192
0.107603 0.523363 1.897249
0.233666 0.592929 1.912464
0.011332 0.363157 1.799419
0.065487 0.134843 1.824063
0.146530 0.035796 1.944560
0.105791 0.015018 1.980126
0.244971 0.468123 2.167610
0.183423 0.229773 2.217244
0.129127 -0.008083 2.146538
0.100549 -0.070391 2.166525
-0.012171 -0.081262 2.028517
-0.006469 -0.377622 2.049590
0.055077 -0.812150 2.166580
0.096866 -0.871734 2.101986
0.057250 -0.042941 2.093052
0.102535 -0.276639 2.380327
-0.073460 -0.696137 2.302716
-0.071165 -0.790185 2.300440
0.097705 0.453057 1.925902
0.126440 -0.030458 2.060420
0.078873 0.000011 1.978429
0.095184 -0.072685 2.146676
0.100696 -0.071286 2.152416
