0.156413 -0.050390 2.105981
0.182317 0.294522 2.061017
0.205734 0.627189 2.004482
0.224187 0.764129 1.987783
0.104626 0.530631 2.168572
0.109959 0.331730 2.290816
0.161943 0.130829 2.319288
0.179454 0.064436 2.332650
0.326114 0.432395 1.950415
0.132335 0.264937 1.935717
0.020934 0.046782 1.982603
0.006839 0.025863 2.009061
0.102589 -0.042315 2.066965
0.038848 -0.402239 2.199239
0.055276 -0.753088 2.295839
-0.006845 -0.795443 2.213856
0.204661 -0.057010 2.073178
0.225764 -0.412482 2.166736
0.237453 -0.780008 2.259688
0.133621 -0.784337 2.265714
0.200198 0.545769 2.020595
0.179232 0.039638 2.291719
0.182459 0.065707 2.268914
0.020117 -0.034260 1.998435
0.050199 -0.031512 1.949009
