-0.059105 0.026950 2.483202
-0.047616 0.305523 2.392557
-0.035717 0.575282 2.290065
-0.009013 0.646370 2.194946
-0.179188 0.509751 2.319131
-0.226879 0.270984 2.374689
-0.247997 0.087156 2.378687
-0.215597 0.051379 2.382238
0.125497 0.502017 2.318214
0.152388 0.272567 2.372547
0.129290 0.070215 2.372806
0.113167 0.019250 2.370469
-0.131750 0.025604 2.446106
-0.165016 -0.294232 2.575711
-0.109330 -0.637248 2.792781
-0.178108 -0.704439 2.786933
0.015277 0.027564 2.447748
0.037050 -0.303091 2.518403
0.040215 -0.650589 2.627913
0.071545 -0.729606 2.570755
-0.038733 0.509180 2.317852
-0.215873 -0.020281 2.408810
-0.184016 0.037999 2.356174
0.104897 -0.060740 2.364623
0.076086 0.025595 2.338634
