-0.083943 -0.103874 1.896788
-0.096205 0.196772 1.819155
-0.098523 0.485280 1.724605
-0.100872 0.630602 1.678529
-0.280861 0.381424 1.752285
-0.323731 0.128793 1.784104
-0.339715 -0.076435 1.761008
-0.334143 -0.152636 1.765546
0.086373 0.376218 1.743997
0.169628 0.144849 1.813181
0.237011 -0.068676 1.820577
0.243841 -0.147764 1.825387
-0.166703 -0.109110 1.859705
-0.155440 -0.463224 1.975816
-0.116663 -0.826078 2.139916
-0.131244 -0.879055 2.075750
0.000811 -0.095896 1.863802
0.034875 -0.459314 1.928318
0.050106 -0.821157 2.093478
0.067083 -0.878596 2.034815
-0.098320 0.414825 1.750412
-0.329697 -0.221100 1.764776
-0.367380 -0.164970 1.751971
0.259786 -0.223048 1.824408
0.212153 -0.156525 1.804766
