-0.135254 -0.036041 2.347147
-0.075621 0.303991 2.282482
-0.012088 0.631561 2.205618
0.062443 0.760451 2.244814
-0.066053 0.459300 2.073676
0.034744 0.219594 2.073761
0.164155 0.248145 2.200248
0.202870 0.277040 2.276217
0.093079 0.406166 2.042031
0.100339 0.202332 2.068690
0.140707 0.302312 2.285523
0.198801 0.291174 2.303173
-0.201926 -0.027095 2.276280
0.062017 -0.303713 2.418138
0.034787 -0.670714 2.559414
0.099391 -0.732326 2.551686
-0.064504 -0.040345 2.344909
-0.059947 -0.403232 2.466694
-0.259075 -0.694213 2.513561
-0.160506 -0.702121 2.502451
-0.028022 0.551401 2.226943
0.241507 0.267370 2.324136
0.169442 0.305481 2.278000
0.232269 0.263418 2.321965
0.152553 0.316615 2.300950
