-0.170844 -0.039619 2.187291
-0.185597 0.259829 2.098743
-0.198199 0.548904 1.997959
-0.140699 0.677679 1.949755
-0.340052 0.429177 1.956525
-0.401924 0.177382 1.961698
-0.405957 -0.028578 1.918268
-0.401635 -0.109831 1.928668
-0.023970 0.465390 2.124137
0.061472 0.262101 2.243765
0.163930 0.103560 2.297483
0.218551 0.028881 2.304518
-0.239198 -0.044781 2.122889
-0.293384 -0.433489 2.244985
-0.309387 -0.774181 2.337462
-0.300282 -0.829815 2.253005
-0.096823 -0.033037 2.181780
-0.086747 -0.376062 2.330420
-0.096926 -0.718388 2.466477
-0.024241 -0.773137 2.427505
-0.195357 0.478177 2.025276
-0.388694 -0.184398 1.938694
-0.435480 -0.115678 1.930467
0.259925 -0.039322 2.329229
0.209694 -0.018429 2.283105
