-0.197292 -0.049999 2.080050
-0.208196 0.232376 1.999289
-0.217613 0.504668 1.906484
-0.223202 0.625293 1.811396
-0.404286 0.411605 1.934394
-0.441947 0.167028 1.997756
-0.426979 -0.033426 1.992057
-0.421896 -0.110308 1.996547
-0.058887 0.447290 1.909650
0.092095 0.380768 1.796464
-0.028754 0.497558 1.700647
-0.088614 0.523771 1.707646
-0.278295 -0.055385 2.042816
-0.287999 -0.395994 2.176879
-0.278458 -0.756759 2.342046
-0.307061 -0.824761 2.279266
-0.109818 -0.042662 2.047398
-0.067450 -0.419487 2.156340
-0.041251 -0.764752 2.298261
-0.025063 -0.829556 2.232982
-0.215529 0.438098 1.931795
-0.406711 -0.183358 2.015705
-0.433374 -0.123909 1.968306
-0.145808 0.559179 1.687922
-0.087517 0.550778 1.699250
