0.716085 0.016000 2.490686
0.783854 0.344190 2.404252
0.845443 0.661393 2.308188
0.957507 0.762421 2.309910
0.717232 0.511313 2.198090
0.644713 0.268382 2.154262
0.796279 0.137963 2.216851
0.810825 0.101917 2.257146
0.954480 0.561455 2.494913
1.152007 0.458302 2.595927
1.190814 0.474759 2.532071
1.228746 0.490476 2.472456
0.658536 0.024377 2.432773
0.565360 -0.337335 2.417602
0.511299 -0.711874 2.453950
0.555553 -0.781454 2.389759
0.754106 0.007055 2.480942
0.788741 -0.281886 2.765310
0.670772 -0.669828 2.664455
0.725768 -0.685492 2.664255
0.830646 0.583326 2.334242
0.839640 0.084897 2.266512
0.776319 0.086727 2.259137
1.282138 0.495248 2.436956
1.294996 0.504539 2.444000
