-0.457039 -0.133825 1.994807
-0.546202 0.198105 1.895048
-0.614759 0.521526 1.778740
-0.673695 0.654839 1.769591
-0.713255 0.408517 1.904408
-0.740653 0.184864 1.761886
-0.915831 0.196714 1.908422
-0.920414 0.268177 1.878689
-0.528968 0.358857 1.737398
-0.701872 0.171331 1.689518
-0.879422 0.250381 1.836570
-0.897735 0.283151 1.875555
-0.500414 -0.153050 1.960372
-0.395135 -0.461006 2.212575
-0.358304 -0.808575 2.274573
-0.404056 -0.854123 2.202291
-0.399050 -0.111007 1.958843
-0.489098 -0.463145 1.991750
-0.451902 -0.830075 2.114179
-0.526792 -0.870493 2.103043
-0.599243 0.442210 1.809442
-0.962455 0.303682 1.897864
-0.920368 0.300916 1.857750
-0.950720 0.328203 1.884640
-0.852803 0.292607 1.881750
