-0.459401 -0.042026 1.974532
-0.454859 0.284984 1.915199
-0.445484 0.600125 1.842589
-0.457292 0.740751 1.830596
-0.548566 0.443378 2.083595
-0.523257 0.432813 1.847931
-0.473393 0.416681 1.590347
-0.480462 0.426921 1.502909
-0.374649 0.397643 1.755635
-0.468875 0.407293 1.549646
-0.549673 0.563137 1.596944
-0.578453 0.607251 1.646090
-0.490075 -0.031310 1.976743
-0.344607 -0.377092 2.171104
-0.271847 -0.799790 2.312010
-0.336688 -0.834397 2.254466
-0.411812 -0.050998 1.904404
-0.420246 -0.435072 2.010571
-0.361569 -0.820301 2.118695
-0.430357 -0.873775 2.092012
-0.448445 0.523156 1.862903
-0.486830 0.415330 1.455363
-0.438120 0.373680 1.519284
-0.601012 0.650601 1.669815
-0.539693 0.608031 1.667800
