0.642985 -0.006056 2.352370
0.734139 0.312777 2.266539
0.816591 0.622034 2.167625
0.926014 0.721420 2.158676
0.673290 0.479950 2.070891
0.582906 0.239213 2.064094
0.580188 0.025317 2.081549
0.575710 -0.012797 2.111638
0.967387 0.441741 2.440979
1.120432 0.365952 2.485569
1.228463 0.388225 2.330629
1.257284 0.383814 2.279481
0.581723 0.004778 2.284916
0.558425 -0.361714 2.354766
0.531684 -0.724767 2.403539
0.575781 -0.789335 2.351155
0.685957 -0.016774 2.352495
0.781463 -0.242678 2.550860
0.668212 -0.680148 2.584884
0.730289 -0.712027 2.563057
0.796624 0.546204 2.194211
0.596584 -0.069063 2.118828
0.541420 0.000158 2.158238
1.286090 0.369783 2.197856
1.236182 0.348876 2.273100
