-0.213482 -0.170383 2.024639
-0.392846 0.127358 2.087932
-0.568027 0.414950 2.140800
-0.709734 0.470121 2.176555
-0.694818 0.301307 2.269214
-0.643252 0.194393 2.026607
-0.823954 0.175573 1.976186
-0.834684 0.170990 2.027223
-0.326281 0.247365 1.933674
-0.572728 0.194368 1.954657
-0.804387 0.147520 2.015756
-0.838902 0.155875 2.048946
-0.262269 -0.186187 2.022840
-0.306851 -0.617721 2.062076
-0.383094 -0.858341 2.132310
-0.429086 -0.898498 2.056226
-0.157185 -0.149052 1.955738
-0.146839 -0.496792 2.176921
-0.225984 -0.832621 2.254416
-0.315413 -0.838144 2.191238
-0.525018 0.344178 2.129310
-0.869594 0.181681 2.063159
-0.829804 0.193966 2.008500
-0.890118 0.159951 2.107331
-0.844260 0.192594 2.026452
