-0.595813 -0.314920 2.559044
-0.564304 -0.030772 2.559097
-0.529643 0.247429 2.545159
-0.551260 0.359992 2.505803
-0.718746 0.141451 2.554446
-0.670014 -0.093917 2.444596
-0.628663 -0.249963 2.335437
-0.610801 -0.305344 2.316175
-0.372516 0.184736 2.570043
-0.335209 0.004444 2.492494
-0.438595 0.138515 2.399414
-0.458932 0.174503 2.420456
-0.679968 -0.309148 2.521516
-0.563626 -0.453695 2.219699
-0.483828 -0.740002 2.027565
-0.510939 -0.789551 1.925871
-0.495743 -0.312237 2.527967
-0.437835 -0.430514 2.197664
-0.458924 -0.892633 2.040081
-0.498399 -0.822143 1.942554
-0.538836 0.178724 2.550968
-0.599739 -0.366088 2.267966
-0.568727 -0.292291 2.302000
-0.522943 0.232857 2.393249
-0.485286 0.161519 2.427286
