-0.530238 -0.313286 2.478665
-0.538067 -0.033152 2.539804
-0.547596 0.240636 2.586258
-0.555912 0.373473 2.537585
-0.722721 0.115290 2.553888
-0.683535 -0.085343 2.472563
-0.600900 -0.229774 2.371478
-0.576325 -0.283614 2.356483
-0.369818 0.147685 2.569533
-0.353099 -0.051357 2.501410
-0.366629 -0.235788 2.392958
-0.373318 -0.290152 2.361345
-0.606300 -0.318796 2.438580
-0.545108 -0.619860 2.194152
-0.604208 -0.940374 2.037846
-0.570869 -0.847809 1.952356
-0.439784 -0.299137 2.450354
-0.387286 -0.542553 2.208807
-0.491043 -0.825925 2.064316
-0.544151 -0.810169 1.954565
-0.545769 0.172843 2.576611
-0.506713 -0.336563 2.282488
-0.638486 -0.314560 2.326434
-0.364173 -0.351918 2.296623
-0.418691 -0.257558 2.349191
