0.715283 -0.008247 2.461136
0.816637 0.325346 2.412557
0.911642 0.649157 2.352397
1.036385 0.737119 2.358357
0.759869 0.510246 2.226200
0.683615 0.272763 2.174316
0.801981 0.100511 2.238181
0.824809 0.055932 2.273653
1.037416 0.548385 2.529213
1.032355 0.328259 2.648669
1.221232 0.255945 2.634373
1.254757 0.242763 2.604371
0.654507 0.002768 2.394296
0.571696 -0.363660 2.398318
0.516890 -0.731741 2.400145
0.546058 -0.794175 2.333265
0.756510 -0.019004 2.459874
0.510238 -0.296779 2.393653
0.639463 -0.652264 2.623765
0.700506 -0.674337 2.656146
0.888750 0.569550 2.369347
0.861028 0.012873 2.293924
0.785086 0.053613 2.282800
1.314155 0.218598 2.585942
1.213452 0.222682 2.618125
