-0.191197 -0.088498 2.032640
-0.217318 0.200950 1.925699
-0.240799 0.479963 1.809323
-0.211361 0.611508 1.733852
-0.394346 0.362907 1.792898
-0.440735 0.121239 1.858716
-0.433063 -0.095207 1.870652
-0.422682 -0.169494 1.890761
-0.047300 0.399845 1.878918
0.007110 0.156959 1.939002
0.010257 -0.055038 1.918825
0.000597 -0.129107 1.934084
-0.271122 -0.093191 1.978248
-0.238992 -0.456491 2.101575
-0.195981 -0.803345 2.207522
-0.196187 -0.867920 2.133348
-0.104942 -0.080631 2.018153
-0.067686 -0.445401 2.207143
-0.059212 -0.751273 2.377276
0.020371 -0.800790 2.335852
-0.235536 0.411843 1.840341
-0.418576 -0.239201 1.923836
-0.424365 -0.195653 1.864967
-0.015040 -0.194226 1.941346
-0.034870 -0.124049 1.939316
