-0.048360 -0.008109 2.294297
-0.051485 0.296525 2.224220
-0.054502 0.591178 2.142380
-0.003880 0.723132 2.099398
-0.215227 0.468488 2.112057
-0.300468 0.229823 2.151195
-0.352177 0.024493 2.132743
-0.371878 -0.054661 2.118513
0.126969 0.479895 2.227507
0.185887 0.243139 2.298856
0.254307 0.048742 2.301493
0.266879 -0.027274 2.302963
-0.125327 -0.009189 2.238107
-0.190161 -0.391381 2.326764
-0.221535 -0.738839 2.424542
-0.212605 -0.800030 2.347017
0.029854 -0.006730 2.280307
-0.007295 -0.354854 2.432041
-0.035168 -0.694660 2.536783
0.022773 -0.762903 2.485001
-0.053789 0.518998 2.164934
-0.395590 -0.136220 2.139838
-0.352168 -0.080264 2.076429
0.302656 -0.098103 2.311924
0.245259 -0.049133 2.275731
