0.021401 0.001926 2.339407
0.014321 0.315970 2.270919
0.008443 0.619619 2.190523
0.079112 0.743938 2.168216
-0.127234 0.479931 2.123710
-0.206749 0.233316 2.128481
-0.201241 0.009395 2.104760
-0.185020 -0.067260 2.124174
0.170112 0.505651 2.326687
0.222279 0.273190 2.411728
0.287122 0.070560 2.432888
0.306758 -0.014786 2.442724
-0.044650 0.000697 2.269006
-0.093901 -0.384071 2.289944
-0.098277 -0.738286 2.369921
-0.066538 -0.811840 2.293138
0.087318 0.003139 2.338953
0.054591 -0.359096 2.491797
-0.003881 -0.706666 2.540744
0.073997 -0.754920 2.530427
0.009816 0.545208 2.212707
-0.188545 -0.142860 2.147912
-0.137033 -0.049771 2.163157
0.321977 -0.083026 2.469263
0.300288 -0.008195 2.392583
