-0.330657 -0.117406 2.038683
-0.346209 0.197849 1.945090
-0.359590 0.502909 1.840629
-0.450858 0.606159 1.818025
-0.483421 0.434120 1.996681
-0.536789 0.243062 2.143595
-0.555874 0.034056 2.277139
-0.583521 -0.019251 2.302287
-0.231102 0.353065 1.770277
-0.127346 0.113744 1.750136
-0.109799 -0.104037 1.730682
-0.097873 -0.183229 1.758674
-0.383784 -0.108659 2.041047
-0.390922 -0.448090 2.194937
-0.400350 -0.793891 2.275913
-0.481856 -0.822981 2.268450
-0.266458 -0.122356 1.967627
-0.164149 -0.453616 2.081368
-0.042067 -0.776188 2.232080
-0.062723 -0.847202 2.165033
-0.356887 0.428250 1.868755
-0.626186 -0.076634 2.321290
-0.613984 -0.025607 2.276643
-0.094665 -0.249881 1.785896
-0.133225 -0.181076 1.752885
