-0.341920 -0.064412 2.065527
-0.344561 0.252078 1.987899
-0.344283 0.556991 1.897061
-0.439247 0.661923 1.885895
-0.454362 0.446972 2.032870
-0.481762 0.216962 2.132626
-0.484385 -0.014820 2.229848
-0.510904 -0.063991 2.268036
-0.266394 0.379114 1.791767
-0.281315 0.119004 1.763598
-0.365080 -0.105867 1.785423
-0.402444 -0.180438 1.805282
-0.389001 -0.054782 2.056109
-0.230529 -0.362589 2.288123
-0.184967 -0.713100 2.334941
-0.256920 -0.767673 2.314684
-0.283270 -0.071989 2.005146
-0.269160 -0.443235 2.086459
-0.209923 -0.800227 2.190560
-0.279114 -0.856756 2.157931
-0.344822 0.482453 1.921927
-0.515228 -0.071846 2.278987
-0.512389 -0.071450 2.266430
-0.429588 -0.239419 1.834273
-0.423970 -0.145461 1.812733
