0.168320 0.003911 2.325183
0.157605 0.315756 2.238899
0.147946 0.616141 2.139735
0.224260 0.741678 2.136061
0.060843 0.450821 2.055246
0.027947 0.166829 2.057398
0.076246 -0.054256 2.067792
0.106766 -0.116303 2.128125
0.272333 0.518164 2.310522
0.321603 0.245289 2.431985
0.361478 0.025105 2.457778
0.369861 0.010643 2.439905
0.111976 0.003582 2.251449
0.225922 -0.388395 2.324075
0.312220 -0.751516 2.373178
0.394467 -0.772236 2.329461
0.220362 0.003133 2.325811
0.165843 -0.436223 2.381167
0.009115 -0.703635 2.601410
0.086946 -0.741479 2.567995
0.150359 0.542672 2.166843
0.107934 -0.176478 2.142319
0.105244 -0.123689 2.071935
0.369431 -0.062196 2.465614
0.353498 -0.033875 2.461800
