0.618640 0.050992 2.557142
0.736147 0.385491 2.526685
0.847605 0.709316 2.485615
0.966355 0.818944 2.512761
0.725382 0.549046 2.330893
0.684145 0.296750 2.270829
0.824668 0.134015 2.324416
0.833751 0.114208 2.349468
0.975619 0.590135 2.696528
1.089247 0.447218 2.922700
1.305318 0.487363 2.887849
1.378638 0.505687 2.871419
0.572577 0.061335 2.488105
0.641014 -0.335119 2.458028
0.572626 -0.711734 2.502564
0.648018 -0.759254 2.457363
0.646987 0.038625 2.555139
0.574063 -0.328533 2.662780
0.734730 -0.686217 2.732833
0.786204 -0.699425 2.748052
0.820671 0.629837 2.497813
0.834256 -0.009156 2.375625
0.792479 0.114568 2.422091
1.434402 0.515602 2.859764
1.370176 0.528116 2.871732
