-0.499459 -0.132602 1.913751
-0.572965 0.204933 1.861634
-0.645601 0.526958 1.798375
-0.735284 0.650646 1.802518
-0.742752 0.403293 1.923647
-0.780940 0.153126 1.854143
-0.921812 0.020978 2.004631
-0.987546 0.004368 2.035173
-0.541324 0.371529 1.750789
-0.713178 0.182085 1.717198
-0.847574 0.042420 1.842597
-0.866586 0.005449 1.890636
-0.550558 -0.131651 1.868467
-0.460239 -0.510827 2.032127
-0.406052 -0.831402 2.220331
-0.492619 -0.852947 2.176964
-0.429791 -0.129156 1.890962
-0.483886 -0.482780 2.005517
-0.492722 -0.841417 2.057400
-0.567023 -0.881735 2.043902
-0.627864 0.448179 1.815845
-1.038502 0.009867 2.077182
-0.972362 0.036014 2.002357
-0.948205 0.005764 1.983805
-0.839162 -0.015836 1.910000
