-0.527415 -0.108556 1.900332
-0.565857 0.206639 1.836505
-0.594529 0.517409 1.760223
-0.674833 0.643959 1.757496
-0.691878 0.393621 1.885480
-0.744013 0.143877 1.826052
-0.864806 0.003245 1.986262
-0.927829 -0.023811 1.977541
-0.520375 0.355842 1.706673
-0.690876 0.164733 1.705795
-0.836928 0.048893 1.864177
-0.890791 -0.011420 1.945418
-0.571235 -0.089699 1.913186
-0.462354 -0.417764 2.145947
-0.408012 -0.765511 2.205758
-0.486513 -0.805959 2.171190
-0.466397 -0.110906 1.820345
-0.525748 -0.473743 1.946354
-0.497251 -0.842452 2.051365
-0.569467 -0.883803 2.043132
-0.588819 0.441332 1.781254
-0.983902 -0.050630 2.009388
-0.938814 0.000777 1.981000
-0.933969 -0.030852 1.972392
-0.875171 -0.022935 1.952363
