-0.299794 -0.075754 2.067480
-0.324646 0.227679 1.998994
-0.346195 0.520209 1.918534
-0.361639 0.654199 1.850519
-0.529951 0.399570 1.961037
-0.593774 0.168016 2.040095
-0.634918 -0.016139 2.039290
-0.636990 -0.090929 2.035719
-0.165381 0.407753 1.916935
-0.074518 0.173442 1.970185
-0.035452 -0.031136 1.932008
-0.036513 -0.090540 1.928538
-0.375759 -0.081424 2.038592
-0.371627 -0.411738 2.179570
-0.373465 -0.758250 2.284081
-0.437798 -0.814384 2.273961
-0.212960 -0.067466 2.027534
-0.074874 -0.421210 2.150290
0.049528 -0.756779 2.293425
0.087176 -0.806054 2.239333
-0.341320 0.448658 1.940714
-0.627448 -0.157866 2.044427
-0.680255 -0.073629 2.070143
-0.044127 -0.153370 1.918762
-0.089018 -0.103190 1.902890
