-0.044748 -0.044004 2.154725
-0.088218 0.261837 2.059904
-0.132518 0.557410 1.952360
-0.072340 0.687180 1.933167
-0.239113 0.402038 1.878590
-0.267497 0.150346 1.857040
-0.222544 -0.035826 1.807188
-0.184183 -0.106368 1.796492
0.011202 0.471282 2.106056
0.066114 0.287656 2.262302
0.134277 0.135843 2.363329
0.157152 0.068245 2.393823
-0.105214 -0.060061 2.078868
-0.168640 -0.439052 2.245954
-0.148314 -0.765377 2.379419
-0.138052 -0.818046 2.302582
0.016521 -0.025489 2.160949
0.006122 -0.413765 2.283412
0.016661 -0.760049 2.363352
0.082065 -0.804654 2.289702
-0.121563 0.485136 1.981501
-0.142066 -0.162778 1.810834
-0.215836 -0.131378 1.811923
0.175083 0.002591 2.408682
0.145723 0.025042 2.389500
