0.024840 -0.064377 2.088482
0.002219 0.232579 1.999938
-0.018838 0.518817 1.898623
0.026238 0.644192 1.833308
-0.179784 0.401897 1.887768
-0.239894 0.157320 1.936304
-0.274406 -0.029182 1.924788
-0.271966 -0.105498 1.920475
0.176963 0.427514 1.985396
0.287643 0.229623 2.092660
0.397476 0.086947 2.137487
0.446280 0.021403 2.136811
-0.055193 -0.069670 2.036203
-0.072879 -0.422172 2.217769
-0.058315 -0.746452 2.364310
-0.054706 -0.818669 2.281416
0.104092 -0.057013 2.070367
0.169499 -0.442867 2.128277
0.217052 -0.796734 2.150456
0.229980 -0.854980 2.082031
-0.013768 0.448847 1.926083
-0.263017 -0.172850 1.922079
-0.295271 -0.125694 1.910360
0.474874 -0.036877 2.136929
0.435193 -0.036265 2.132833
