-0.107116 -0.231458 2.625160
-0.087414 -0.022952 2.363528
-0.058242 0.168493 2.077974
0.014287 0.200679 1.990010
-0.175188 0.150747 2.166577
-0.249262 0.013355 2.267632
-0.120838 -0.196715 2.328053
-0.083745 -0.243176 2.342442
0.154739 0.135006 2.197200
0.163677 -0.079487 2.269189
0.133139 -0.310657 2.297876
0.119630 -0.401659 2.312000
-0.198060 -0.250845 2.512829
-0.163078 -0.436215 2.667862
-0.147267 -0.654588 2.710037
-0.153107 -0.727297 2.623056
-0.014065 -0.206875 2.668084
0.064280 -0.436493 2.588400
0.099030 -0.677279 2.604087
0.101524 -0.746529 2.517295
-0.066475 0.122506 2.152785
-0.040784 -0.299451 2.356885
-0.076737 -0.224599 2.304052
0.130365 -0.462623 2.329766
0.051030 -0.381117 2.330143
