0.047654 -0.117149 2.156522
0.044057 0.183258 2.114198
0.039305 0.473626 2.059675
0.062614 0.607903 1.989031
-0.115059 0.352535 2.046710
-0.162587 0.088835 2.099815
-0.167417 -0.142990 2.104917
-0.147517 -0.158563 2.109422
0.208609 0.368287 2.082619
0.259674 0.105883 2.144009
0.255031 -0.126261 2.145377
0.250265 -0.137854 2.151278
-0.027357 -0.117187 2.117613
-0.016926 -0.427414 2.253813
-0.017400 -0.744496 2.369848
-0.023779 -0.805509 2.319849
0.121035 -0.113508 2.125139
0.112538 -0.449847 2.268980
0.116268 -0.747809 2.352456
0.113016 -0.814299 2.297659
0.040611 0.402431 2.075468
-0.136380 -0.240838 2.126200
-0.100060 -0.149583 2.066530
0.248553 -0.218105 2.168412
0.201946 -0.147451 2.101335
