0.658501 -0.096646 2.372740
0.686785 0.226472 2.304237
0.711774 0.540443 2.224197
0.809355 0.656925 2.207734
0.619701 0.393136 2.153375
0.716346 0.129732 2.122154
0.897455 0.008605 2.182585
0.977560 0.010373 2.212653
0.805845 0.438215 2.308211
0.902956 0.162473 2.393637
1.046953 0.013349 2.282779
1.065501 0.009299 2.284409
0.595573 -0.095130 2.296890
0.580235 -0.395454 2.391241
0.549791 -0.745939 2.484016
0.618231 -0.791861 2.461460
0.715115 -0.095137 2.379605
0.554265 -0.395434 2.593381
0.533356 -0.666789 2.666261
0.608064 -0.703429 2.616876
0.706179 0.463352 2.246306
1.033245 -0.007378 2.240277
0.987980 -0.006107 2.180783
1.115747 -0.025870 2.338272
1.031141 -0.035570 2.249500
