-0.094780 -0.081384 2.321169
-0.096659 0.217796 2.275027
-0.097828 0.507503 2.216709
-0.055213 0.642136 2.159960
-0.223510 0.382385 2.167011
-0.277782 0.116500 2.194148
-0.268975 -0.116040 2.199421
-0.248573 -0.134143 2.206963
0.071916 0.416661 2.287583
0.113749 0.143722 2.368256
0.123008 -0.088885 2.370031
0.113502 -0.091493 2.365786
-0.162770 -0.081694 2.269336
-0.115736 -0.439636 2.287047
-0.081309 -0.769126 2.311605
-0.077354 -0.836286 2.237794
-0.023943 -0.078667 2.302695
-0.020092 -0.371469 2.486112
0.001722 -0.613730 2.649864
-0.017640 -0.653588 2.537397
-0.097650 0.436442 2.233446
-0.252335 -0.220076 2.233716
-0.201767 -0.152014 2.189308
0.111462 -0.182610 2.383507
0.136207 -0.071713 2.344742
