0.106799 -0.116324 2.164020
0.123723 0.181445 2.064585
0.141062 0.470969 1.953114
0.216272 0.580588 1.917072
0.019594 0.346367 1.903137
-0.051677 0.082264 1.918357
-0.011369 -0.150353 1.963684
0.009761 -0.213192 2.002295
0.251934 0.392664 2.076924
0.303580 0.147673 2.249127
0.280834 -0.090091 2.383153
0.281733 -0.117187 2.400726
0.044035 -0.118121 2.092905
-0.018797 -0.416270 2.144170
-0.043265 -0.768069 2.267967
-0.042957 -0.825305 2.221359
0.166036 -0.110732 2.165032
0.188626 -0.415395 2.392883
0.157673 -0.702117 2.564493
0.216219 -0.735436 2.590000
0.136827 0.399943 1.983137
0.025061 -0.285584 2.027509
0.035720 -0.225852 1.974613
0.280043 -0.158606 2.405545
0.301849 -0.127406 2.388500
