-0.102050 -0.091616 2.255989
-0.112282 0.201749 2.199043
-0.121061 0.484807 2.128015
-0.073271 0.613483 2.065769
-0.241848 0.352315 2.068528
-0.278750 0.103344 2.084943
-0.216206 -0.123652 2.081111
-0.188740 -0.182420 2.102108
0.040152 0.388508 2.202843
0.078008 0.153440 2.294242
0.079620 -0.075693 2.322786
0.062324 -0.140917 2.321423
-0.169169 -0.091795 2.195167
-0.142064 -0.412985 2.192445
-0.116130 -0.766587 2.302238
-0.107611 -0.822978 2.257517
-0.031747 -0.088536 2.246688
-0.088413 -0.455268 2.294909
-0.165937 -0.826165 2.354822
-0.090088 -0.826660 2.285156
-0.118997 0.415480 2.148072
-0.156859 -0.278779 2.109787
-0.163761 -0.169584 2.061944
0.057927 -0.192841 2.348647
0.090393 -0.142147 2.325250
