-0.462892 -0.173806 2.046985
-0.513789 0.143970 1.979350
-0.561453 0.451939 1.900167
-0.665098 0.558473 1.876303
-0.705904 0.293702 2.009194
-0.766501 0.030510 2.072587
-0.915847 -0.143909 2.049224
-0.918968 -0.156086 2.057924
-0.455004 0.305172 1.831895
-0.410118 0.049966 1.811736
-0.535862 -0.144222 1.814385
-0.562360 -0.176347 1.840193
-0.514015 -0.177368 2.051259
-0.548709 -0.464444 2.170763
-0.532690 -0.753944 2.272054
-0.556151 -0.805881 2.240275
-0.397489 -0.164405 1.973864
-0.341763 -0.449090 2.055153
-0.245210 -0.774171 2.171104
-0.244263 -0.832271 2.135218
-0.550184 0.376496 1.921892
-0.931819 -0.176800 2.048419
-0.921904 -0.113667 1.993000
-0.611128 -0.229610 1.847624
-0.528304 -0.169446 1.908750
