-0.520274 -0.162730 2.048446
-0.517795 0.146927 1.966021
-0.514203 0.447814 1.874299
-0.573237 0.565762 1.829578
-0.708696 0.312606 1.955081
-0.647435 0.280955 1.717571
-0.403688 0.260715 1.679066
-0.377697 0.243603 1.685855
-0.368548 0.330181 1.835543
-0.302684 0.161027 1.669685
-0.490130 0.292025 1.687406
-0.555117 0.316289 1.716168
-0.587175 -0.162565 2.027483
-0.561035 -0.449242 2.155726
-0.532874 -0.749776 2.275842
-0.551341 -0.789197 2.184350
-0.435412 -0.157889 1.999042
-0.384416 -0.437190 2.086436
-0.330427 -0.777982 2.209286
-0.333226 -0.833579 2.159122
-0.515491 0.374024 1.899043
-0.308303 0.216748 1.672681
-0.366049 0.281617 1.742867
-0.642542 0.324444 1.713744
-0.573586 0.277548 1.764278
