0.041362 -0.147730 2.080647
0.034620 0.155701 2.036053
0.027561 0.448926 1.978787
0.049957 0.585237 1.906634
-0.128088 0.327182 1.972214
-0.174423 0.059722 2.020839
-0.176908 -0.172605 2.025674
-0.159514 -0.212551 2.033437
0.200122 0.340470 1.990546
0.251153 0.078558 2.052513
0.257168 -0.153389 2.061526
0.243149 -0.158960 2.066062
-0.033047 -0.144864 2.042227
-0.057644 -0.442594 2.164899
-0.077216 -0.749571 2.285248
-0.078156 -0.809837 2.234964
0.114272 -0.145647 2.049052
0.121017 -0.441621 2.177005
0.129349 -0.757326 2.289942
0.117593 -0.824653 2.248207
0.029363 0.377090 1.995304
-0.147640 -0.265004 2.046942
-0.113544 -0.198882 1.996375
0.254026 -0.235539 2.079881
0.280342 -0.134856 2.048810
