-0.067454 -0.096899 2.399252
-0.125207 0.196028 2.299120
-0.188083 0.479778 2.187264
-0.298871 0.564416 2.165625
-0.264755 0.386498 2.378751
-0.365348 0.263122 2.615319
-0.475326 0.147928 2.770994
-0.517986 0.174805 2.819020
-0.049066 0.374537 2.126907
0.079549 0.132859 2.133748
0.075475 -0.096070 2.166787
0.060061 -0.132703 2.176109
-0.112555 -0.098707 2.403308
-0.108707 -0.386267 2.484672
-0.127789 -0.697251 2.552515
-0.145812 -0.764758 2.467965
-0.019243 -0.093711 2.326015
0.003524 -0.425231 2.437315
0.066704 -0.722556 2.543884
0.074884 -0.783336 2.472714
-0.172263 0.410017 2.217465
-0.526591 0.149235 2.853625
-0.522497 0.191084 2.793334
0.058686 -0.181062 2.204444
0.027614 -0.101465 2.183000
