0.033298 -0.143766 2.136088
0.026991 0.164634 2.090106
0.019513 0.463013 2.032214
0.043469 0.603286 1.966997
-0.133942 0.342860 2.030983
-0.180417 0.071865 2.086659
-0.187383 -0.160316 2.093264
-0.174125 -0.166326 2.095025
0.191372 0.354793 2.039145
0.247116 0.093067 2.100740
0.252373 -0.139330 2.106354
0.241142 -0.150647 2.106320
-0.043041 -0.135206 2.095415
-0.053281 -0.420949 2.230123
-0.068909 -0.732851 2.359229
-0.081143 -0.796659 2.309540
0.108420 -0.147854 2.106661
0.113535 -0.431064 2.242155
0.124340 -0.747036 2.357166
0.125272 -0.807752 2.303389
0.021458 0.389815 2.048731
-0.187748 -0.252389 2.097517
-0.217131 -0.166796 2.071677
0.256228 -0.230047 2.109580
0.281950 -0.132691 2.091444
