0.045692 -0.114272 2.134943
0.043962 0.182408 2.088598
0.043740 0.466774 2.028691
0.047809 0.607165 1.964143
-0.124090 0.353833 2.047339
-0.164152 0.086642 2.074730
-0.137126 -0.139544 2.029741
-0.118921 -0.177989 2.024665
0.202734 0.362692 2.030499
0.252434 0.105259 2.082949
0.262136 -0.123709 2.092793
0.254128 -0.144622 2.112169
-0.027826 -0.114890 2.104183
-0.022878 -0.428477 2.245823
-0.016000 -0.743144 2.367946
-0.025486 -0.807868 2.319321
0.117479 -0.110571 2.095744
0.107812 -0.448130 2.242798
0.116041 -0.757350 2.349374
0.106643 -0.825126 2.297932
0.043772 0.397568 2.045858
-0.111770 -0.231719 2.014394
-0.087667 -0.156895 2.039773
0.271577 -0.222723 2.128934
0.204712 -0.155295 2.090808
