-0.024006 -0.199577 1.934301
-0.041263 0.113749 1.889108
-0.057928 0.416143 1.831013
-0.016526 0.548677 1.770398
-0.189236 0.281329 1.799708
-0.234841 0.017915 1.842844
-0.230207 -0.214609 1.848421
-0.213925 -0.226251 1.860226
0.120178 0.307018 1.858023
0.183888 0.046631 1.940073
0.194331 -0.185618 1.946245
0.180328 -0.220389 1.952465
-0.097628 -0.198579 1.890145
-0.097469 -0.466883 2.001776
-0.109760 -0.784586 2.138279
-0.109627 -0.844464 2.104535
0.050238 -0.193336 1.908680
0.067607 -0.487018 2.043497
0.085764 -0.806214 2.124415
0.082094 -0.864362 2.076341
-0.053853 0.342124 1.847735
-0.211414 -0.317762 1.883520
-0.159245 -0.241362 1.827764
0.149919 -0.282777 1.952688
0.141081 -0.200029 1.900424
