0.619633 -0.143500 1.962585
0.643974 0.165105 1.920625
0.663645 0.462719 1.867156
0.730854 0.598331 1.848390
0.567642 0.310322 1.793819
0.540588 0.066316 1.762033
0.784648 -0.004338 1.819535
0.797794 -0.001856 1.837450
0.860922 0.312956 2.070505
1.057130 0.224558 2.129331
1.214335 0.344491 2.004651
1.231829 0.346210 1.999627
0.561825 -0.126597 1.897186
0.549614 -0.456626 1.974341
0.521041 -0.831995 2.048690
0.563417 -0.899076 2.021141
0.655350 -0.155121 1.963532
0.542946 -0.480177 2.170392
0.496699 -0.897702 2.266752
0.546729 -0.900522 2.161943
0.659344 0.389873 1.882612
0.832403 0.000210 1.848761
0.774374 -0.039071 1.833082
1.265121 0.342211 1.959489
1.206304 0.371167 1.990316
