-0.230938 -0.152889 2.099029
-0.239196 0.131920 2.055720
-0.244312 0.406586 2.001454
-0.246039 0.543351 1.954753
-0.388992 0.304599 1.978047
-0.487807 0.109506 1.951459
-0.227278 0.187299 1.826454
-0.205730 0.211079 1.757413
-0.088805 0.312443 2.026759
0.092124 0.205518 1.945802
-0.108648 0.267810 1.791083
-0.190002 0.213760 1.751121
-0.289991 -0.153437 2.051583
-0.329473 -0.502536 2.167310
-0.334485 -0.830697 2.251702
-0.317671 -0.907811 2.173336
-0.163793 -0.147095 2.076273
-0.169718 -0.469463 2.205555
-0.182859 -0.818703 2.322879
-0.148560 -0.896732 2.248987
-0.243419 0.339355 2.017155
-0.166632 0.225065 1.739154
-0.149297 0.202350 1.770833
-0.226372 0.213417 1.735260
-0.179373 0.186525 1.733410
