-0.655303 -0.127968 2.079157
-0.633021 0.166872 2.048378
-0.607379 0.452414 2.004306
-0.681805 0.547000 1.993420
-0.755676 0.330182 2.084628
-0.816466 0.101325 2.143639
-0.862747 -0.091928 2.196728
-0.870614 -0.075974 2.180753
-0.522651 0.311905 1.938251
-0.467862 0.029080 1.898388
-0.480733 -0.180369 1.893702
-0.506461 -0.260317 1.906103
-0.698495 -0.124930 2.062648
-0.565325 -0.461428 2.251051
-0.548669 -0.834905 2.388101
-0.600116 -0.886224 2.312394
-0.590512 -0.126838 2.027233
-0.601932 -0.461447 2.069664
-0.611690 -0.848036 2.148332
-0.686325 -0.916579 2.107307
-0.614390 0.382384 2.017575
-0.884665 -0.121894 2.207172
-0.900887 -0.070337 2.142571
-0.520003 -0.327837 1.920352
-0.480324 -0.279609 1.887368
