-0.003496 -0.087729 2.458490
0.002190 0.200099 2.392455
0.007426 0.479506 2.314565
0.001889 0.617621 2.269601
-0.146874 0.368864 2.352389
-0.185164 0.123716 2.431257
-0.223547 -0.086826 2.459937
-0.219664 -0.150759 2.479319
0.142470 0.352738 2.294418
0.196691 0.109699 2.333950
0.216389 -0.106547 2.340798
0.205795 -0.183334 2.345169
-0.069521 -0.082780 2.432378
-0.130975 -0.453629 2.470735
-0.188561 -0.772874 2.516600
-0.209727 -0.842682 2.415978
0.062604 -0.090226 2.415592
0.098130 -0.384773 2.528917
0.109110 -0.726321 2.661897
0.142424 -0.815760 2.608016
0.006174 0.410904 2.336168
-0.227072 -0.201053 2.509725
-0.230954 -0.122838 2.477222
0.210239 -0.248492 2.363998
0.226592 -0.182197 2.351625
