-0.318609 -0.135943 2.236735
-0.340050 0.145325 2.172076
-0.358657 0.417967 2.095183
-0.386244 0.553945 2.037923
-0.508974 0.293958 2.127308
-0.549163 0.041675 2.205805
-0.563860 -0.165023 2.224909
-0.567944 -0.233486 2.236995
-0.214910 0.311341 2.077065
-0.129815 0.098590 2.132740
-0.196813 -0.072191 2.020219
-0.247923 -0.086377 1.975579
-0.375755 -0.140977 2.211715
-0.436071 -0.447308 2.292449
-0.489153 -0.784200 2.444881
-0.558386 -0.851460 2.425439
-0.251256 -0.126733 2.192341
-0.154502 -0.465325 2.268618
-0.066471 -0.801030 2.346296
-0.013118 -0.882205 2.273939
-0.354446 0.351069 2.116571
-0.569603 -0.292318 2.258001
-0.540099 -0.230424 2.216381
-0.262142 -0.123156 1.953590
-0.264085 -0.111403 2.054500
