-0.026200 -0.140208 2.145264
-0.002063 0.151224 2.061765
0.022321 0.433461 1.962957
-0.046328 0.539927 1.946080
-0.109582 0.305735 2.112935
-0.144208 0.037386 2.191950
-0.130663 -0.155001 2.262191
-0.143969 -0.170521 2.277693
0.094749 0.313315 1.896764
0.096139 0.025121 1.865533
0.061873 -0.196614 1.879219
0.040962 -0.279689 1.895311
-0.070770 -0.130899 2.146958
-0.072915 -0.473873 2.260010
-0.013219 -0.812924 2.416670
-0.069912 -0.868406 2.352311
0.019116 -0.145245 2.073872
0.090499 -0.480483 2.155924
0.100222 -0.824485 2.285203
0.030304 -0.894062 2.237377
0.016258 0.364269 1.989944
-0.152777 -0.195420 2.283745
-0.146628 -0.161127 2.264385
0.030218 -0.344563 1.901165
0.086202 -0.240480 1.952273
