-0.391931 -0.143787 2.088919
-0.433882 0.175714 2.061951
-0.473359 0.484336 2.022364
-0.518146 0.604097 1.996713
-0.602932 0.356639 2.172059
-0.743420 0.150089 2.020350
-0.940979 0.081607 2.186580
-0.983169 0.080080 2.177308
-0.389586 0.357852 1.962414
-0.627809 0.207439 1.981466
-0.865087 0.118848 2.084640
-0.940017 0.097464 2.136789
-0.430111 -0.160239 2.057223
-0.307268 -0.460575 2.249778
-0.307402 -0.804171 2.377323
-0.325090 -0.874053 2.341049
-0.340883 -0.122608 2.051530
-0.376794 -0.447290 2.118815
-0.394234 -0.836868 2.193712
-0.475023 -0.898081 2.164627
-0.464016 0.408686 2.034345
-1.059268 0.064949 2.201549
-0.951050 0.071059 2.197873
-0.997672 0.077793 2.159507
-0.914571 0.089116 2.135857
