0.172516 -0.203192 1.972441
0.156120 0.087712 1.911263
0.140294 0.368485 1.836661
0.158670 0.495746 1.772574
0.010897 0.257538 1.820437
-0.027374 0.002482 1.846279
-0.029044 -0.215992 1.848002
-0.013125 -0.277450 1.865793
0.303185 0.250694 1.871525
0.364951 0.011425 1.957332
0.389195 -0.218028 1.964994
0.389505 -0.274465 1.973803
0.103426 -0.201639 1.930687
0.024036 -0.548853 1.994921
-0.061650 -0.890259 2.082991
-0.061551 -0.952503 2.002214
0.236051 -0.197546 1.944972
0.232507 -0.500603 2.073192
0.224175 -0.856079 2.177698
0.251649 -0.933224 2.106286
0.144286 0.299753 1.857569
-0.018170 -0.350928 1.874001
-0.041733 -0.282286 1.863583
0.393929 -0.348167 1.995953
0.331315 -0.241757 1.938000
