0.303643 -0.134364 2.195065
0.300144 0.153985 2.088040
0.294578 0.433354 1.969841
0.373460 0.520726 1.955140
0.214110 0.296790 1.907351
0.304310 0.011492 1.860226
0.480856 -0.114652 1.871140
0.562178 -0.135388 1.901590
0.429634 0.312166 2.078029
0.475422 0.061576 2.218122
0.359475 -0.203561 2.195911
0.373169 -0.259468 2.228722
0.255581 -0.129903 2.142291
0.207446 -0.453138 2.137557
0.030755 -0.837490 2.234115
0.082748 -0.913370 2.185774
0.344291 -0.135195 2.183729
0.382568 -0.490878 2.322725
0.448205 -0.798772 2.396816
0.528188 -0.834569 2.421132
0.296311 0.364884 2.001275
0.625511 -0.170888 1.921374
0.555158 -0.098858 1.897400
0.356750 -0.325313 2.224173
0.387459 -0.250611 2.227000
