-0.034168 -0.127016 2.109043
-0.008087 0.161633 2.048248
0.017634 0.441379 1.975313
-0.043901 0.544229 1.975280
-0.103576 0.337437 2.083827
-0.146073 0.088203 2.185001
-0.102497 -0.115183 2.257821
-0.109001 -0.178361 2.316472
0.070552 0.307287 1.903332
0.045941 0.016416 1.847313
-0.016541 -0.196827 1.856353
-0.036987 -0.275451 1.878958
-0.084529 -0.124457 2.096076
0.026727 -0.441479 2.275754
0.114561 -0.738272 2.365336
0.046903 -0.780131 2.283671
0.015754 -0.126456 2.052394
-0.009008 -0.488997 2.091210
0.022894 -0.854000 2.188885
-0.055832 -0.917175 2.160372
0.011242 0.372766 1.995765
-0.116616 -0.228637 2.342672
-0.109932 -0.208527 2.303073
-0.069117 -0.346729 1.875244
0.009808 -0.250140 1.931984
