0.184300 -0.028997 2.430471
0.184397 0.241492 2.369333
0.182790 0.506832 2.295872
0.263029 0.584309 2.311082
0.076631 0.388101 2.208156
0.078668 0.079562 2.205933
0.107366 -0.138542 2.242620
0.107498 -0.198250 2.282371
0.258588 0.282101 2.234719
0.337799 0.167275 2.441457
0.394473 0.086129 2.632192
0.408890 0.063420 2.660286
0.118940 -0.024336 2.365880
0.079684 -0.418693 2.473121
0.019296 -0.775951 2.570095
0.091282 -0.832282 2.534981
0.244416 -0.032070 2.425801
0.230817 -0.406488 2.641649
0.253635 -0.733855 2.757092
0.337188 -0.779365 2.777128
0.183409 0.441276 2.316307
0.112435 -0.261902 2.310847
0.135573 -0.180616 2.286571
0.436690 0.007132 2.686173
0.433956 0.054500 2.647200
