-0.069334 -0.204660 2.045424
-0.051380 0.104635 1.978534
-0.033792 0.403496 1.896824
-0.098348 0.516442 1.863290
-0.193050 0.293503 1.987700
-0.239300 0.030747 2.074602
-0.246993 -0.191291 2.080743
-0.249401 -0.222296 2.079027
0.058924 0.270232 1.857264
0.127178 -0.002960 1.845146
0.129287 -0.224919 1.855015
0.119797 -0.296292 1.870135
-0.129388 -0.197681 2.037037
-0.100437 -0.491534 2.143397
-0.069329 -0.882061 2.241387
-0.098409 -0.927088 2.185294
-0.006904 -0.204434 1.982164
-0.010219 -0.532560 2.073548
-0.001967 -0.891294 2.091491
-0.037305 -0.945566 2.005250
-0.038230 0.330308 1.919659
-0.254564 -0.299060 2.098603
-0.271205 -0.207589 2.055357
0.111728 -0.365580 1.875112
0.083968 -0.271312 1.880805
