0.528034 -0.197173 1.993856
0.577427 0.124345 1.892407
0.620971 0.435411 1.778759
0.755693 0.519874 1.767471
0.463764 0.317432 1.729295
0.346112 0.113120 1.725054
0.537729 -0.094025 1.696291
0.574530 -0.118778 1.694569
0.759841 0.243424 1.929380
0.808189 0.041539 1.972649
0.937621 -0.125774 1.949319
0.990110 -0.180443 1.926292
0.449771 -0.171714 1.908362
0.392542 -0.523335 1.880144
0.299438 -0.919219 1.992331
0.317622 -0.987864 1.922752
0.587871 -0.215731 2.010010
0.622973 -0.491213 2.125963
0.540022 -0.878181 2.206501
0.616080 -0.926861 2.188085
0.611057 0.359390 1.809147
0.624326 -0.153051 1.716077
0.582843 -0.083412 1.681969
1.070623 -0.236132 1.953501
0.970273 -0.188765 2.026714
