0.259996 -0.130317 2.126077
0.235400 0.175785 2.032438
0.207423 0.471382 1.925535
0.245113 0.594341 1.867742
0.065996 0.338079 1.903719
-0.015903 0.083107 1.948141
-0.055689 -0.125007 1.983319
-0.068009 -0.201780 2.004424
0.380619 0.364900 2.043697
0.434114 0.124912 2.172112
0.477928 -0.083932 2.183662
0.467223 -0.152724 2.167234
0.181550 -0.132363 2.063982
0.140739 -0.476245 2.147416
0.130585 -0.829330 2.324861
0.148644 -0.905976 2.245980
0.329380 -0.123573 2.116801
0.403704 -0.475915 2.193054
0.464272 -0.847333 2.261625
0.508231 -0.905688 2.226577
0.214775 0.399086 1.954538
-0.061120 -0.272554 2.023751
-0.101669 -0.200075 1.999875
0.458278 -0.199703 2.168267
0.437577 -0.142913 2.141191
