0.022101 -0.142160 2.012972
0.019860 0.167443 1.947710
0.017825 0.466181 1.869271
0.042589 0.604361 1.813737
-0.161444 0.347050 1.876353
-0.352191 0.249653 1.830495
-0.533200 0.158135 1.722855
-0.579477 0.137683 1.685276
0.220123 0.340255 1.922145
0.426694 0.266128 1.919216
0.628681 0.227009 1.855039
0.708728 0.190142 1.819353
-0.058298 -0.141790 1.968599
-0.122220 -0.486841 2.084504
-0.164112 -0.847416 2.215801
-0.188221 -0.932134 2.135260
0.101726 -0.137454 1.985494
0.137199 -0.469963 2.094487
0.168195 -0.850822 2.242065
0.187394 -0.924693 2.173509
0.018329 0.393109 1.891103
-0.640838 0.128237 1.631708
-0.570026 0.105154 1.657591
0.793261 0.195352 1.784503
0.729387 0.147318 1.771063
