-0.046172 -0.130147 2.085788
-0.024537 0.151672 2.016695
-0.005804 0.411661 1.957465
-0.008501 0.553452 1.857405
-0.184719 0.351461 1.963303
-0.349654 0.250783 1.850981
-0.179270 0.378756 1.808558
-0.144202 0.402041 1.779677
0.141861 0.355148 1.946923
0.332365 0.282565 1.859881
0.153268 0.400909 1.771796
0.084240 0.448673 1.740368
-0.133145 -0.128543 2.051166
-0.215550 -0.481308 2.125690
-0.292784 -0.848109 2.262545
-0.324130 -0.916328 2.183046
0.042450 -0.127297 2.048495
0.037608 -0.453683 2.152385
0.001733 -0.834517 2.297864
0.017720 -0.916948 2.230010
-0.009936 0.345982 1.976860
-0.069534 0.508069 1.789046
-0.140520 0.395165 1.900250
0.012976 0.496964 1.695150
0.030771 0.518510 1.741895
