-0.040127 -0.137863 2.052847
-0.042062 0.171321 1.983801
-0.043225 0.469726 1.901942
-0.009419 0.609171 1.849732
-0.210951 0.348334 1.906712
-0.268985 0.092589 1.956232
-0.269916 -0.122804 1.950158
-0.259896 -0.185516 1.955211
0.138769 0.340206 1.955302
0.184007 0.092408 2.026479
0.215508 -0.119444 2.027180
0.199901 -0.185566 2.019641
-0.120967 -0.137325 2.005162
-0.161604 -0.480965 2.131009
-0.184602 -0.835634 2.270151
-0.195188 -0.917444 2.190132
0.042242 -0.133523 2.028590
0.071910 -0.469137 2.134703
0.087132 -0.842792 2.276479
0.121814 -0.916740 2.209797
-0.043023 0.396721 1.924603
-0.253646 -0.258250 1.960145
-0.289634 -0.193614 1.926799
0.209092 -0.257569 2.016254
0.146310 -0.171055 1.993048
