-0.146882 -0.137293 2.295349
-0.013905 0.163456 2.244355
0.114663 0.454764 2.179038
0.248670 0.533738 2.208430
-0.001183 0.315871 2.089653
0.141358 0.059739 2.052980
0.301625 -0.128960 2.089767
0.357329 -0.189288 2.092124
0.107994 0.254756 2.316845
0.096046 0.044405 2.099957
0.279539 -0.111174 2.081669
0.351237 -0.184322 2.091831
-0.180404 -0.128451 2.246666
-0.108128 -0.465085 2.296485
-0.190208 -0.817851 2.429602
-0.081859 -0.852924 2.411396
-0.109382 -0.141547 2.270806
-0.035511 -0.480665 2.481544
0.009208 -0.823711 2.508613
0.106871 -0.830026 2.497691
0.083105 0.383265 2.197734
0.414963 -0.257389 2.115031
0.391617 -0.164306 2.076937
0.412395 -0.253587 2.108701
0.388151 -0.165033 2.075389
