-0.496687 -0.134166 2.133508
-0.560199 0.177484 2.064571
-0.616064 0.478740 1.984304
-0.707064 0.580547 1.940998
-0.716004 0.335745 2.100808
-0.757092 0.073646 2.203184
-0.879826 -0.082759 2.118495
-0.903942 -0.063909 2.090332
-0.437334 0.367190 1.940786
-0.288269 0.156372 1.943949
-0.323293 -0.132071 1.922504
-0.326802 -0.159408 1.925462
-0.556104 -0.140283 2.136857
-0.546778 -0.466586 2.220726
-0.514244 -0.819806 2.331827
-0.567411 -0.890429 2.289272
-0.419552 -0.123556 2.061498
-0.305776 -0.475611 2.129677
-0.224411 -0.837926 2.255099
-0.196826 -0.904373 2.189038
-0.603166 0.404924 2.006400
-0.921636 -0.083436 2.048370
-0.934920 -0.141850 2.162667
-0.340077 -0.203522 1.936075
-0.358267 -0.135870 1.928750
