-0.279064 -0.097663 2.129820
-0.254932 0.214950 2.082859
-0.230421 0.516943 2.023132
-0.201146 0.662367 2.012966
-0.392334 0.411693 2.012703
-0.512002 0.420281 1.821073
-0.362963 0.571107 1.776454
-0.321687 0.616718 1.773117
-0.068488 0.357651 2.029187
-0.017972 0.106641 2.085221
0.004601 -0.106820 2.065953
-0.007884 -0.177716 2.049654
-0.356415 -0.090978 2.094854
-0.394672 -0.455743 2.211326
-0.425674 -0.812189 2.335569
-0.448383 -0.892852 2.260260
-0.192334 -0.101062 2.093268
-0.179839 -0.456975 2.202933
-0.192913 -0.822549 2.345315
-0.176858 -0.902522 2.261718
-0.236691 0.442997 2.040249
-0.256546 0.665995 1.746312
-0.269764 0.597889 1.788429
-0.018641 -0.245801 2.045031
-0.036796 -0.173779 2.037250
