-0.107849 -0.129315 2.090745
-0.115432 0.174007 1.973938
-0.121550 0.467069 1.845135
-0.047498 0.583947 1.820386
-0.254211 0.331412 1.798822
-0.321973 0.073747 1.787679
-0.292107 -0.178977 1.805849
-0.272706 -0.248650 1.792497
-0.015848 0.366824 2.017148
0.032017 0.145314 2.184942
0.119183 -0.030721 2.259141
0.144040 -0.061081 2.259439
-0.166843 -0.138911 2.004495
-0.231196 -0.491317 2.103018
-0.260396 -0.848489 2.226247
-0.259508 -0.928167 2.155939
-0.045474 -0.115091 2.105302
0.025858 -0.465710 2.239908
0.078987 -0.823126 2.352858
0.134752 -0.874480 2.304309
-0.120083 0.395352 1.879467
-0.256816 -0.313482 1.801474
-0.244413 -0.247447 1.762488
0.173155 -0.117794 2.260599
0.152682 -0.065408 2.214941
