-0.150195 -0.109031 2.383179
-0.139675 -0.034188 2.070036
-0.138829 0.061323 1.745695
-0.087967 0.123970 1.648654
-0.235456 0.015204 1.826150
-0.258627 -0.191176 1.884234
-0.210501 -0.398645 1.890908
-0.180562 -0.488190 1.866025
0.101550 0.089586 1.931997
0.098512 -0.113171 2.019433
-0.015477 -0.288460 1.960700
-0.045135 -0.337745 1.945652
-0.231197 -0.113596 2.315078
-0.146192 -0.537103 2.290301
-0.140224 -0.866107 2.384568
-0.150691 -0.898862 2.273582
-0.064731 -0.101180 2.379311
0.064018 -0.498260 2.446054
0.110305 -0.827078 2.531525
0.179876 -0.856244 2.470399
-0.138117 0.033656 1.827904
-0.186968 -0.558103 1.839238
-0.103693 -0.424917 1.892333
-0.103880 -0.425687 1.905848
-0.043046 -0.327722 1.949700
