0.180272 -0.070324 2.402013
0.243013 0.249051 2.361666
0.300895 0.560443 2.306558
0.430776 0.655774 2.353967
0.163338 0.433085 2.200526
0.062882 0.183882 2.155701
0.106128 -0.027092 2.150779
0.125925 -0.083406 2.154477
0.383968 0.389190 2.498174
0.507898 0.295138 2.643081
0.712069 0.245713 2.660180
0.743931 0.175043 2.659920
0.134354 -0.062768 2.296194
0.058054 -0.460694 2.293582
-0.012281 -0.825638 2.343207
0.003654 -0.889332 2.261850
0.219865 -0.073209 2.436633
0.239154 -0.389189 2.569043
0.127906 -0.778207 2.587060
0.203916 -0.833094 2.565477
0.287274 0.483522 2.322535
0.148337 -0.152263 2.168531
0.148016 -0.094537 2.120059
0.787178 0.151211 2.712308
0.732296 0.119467 2.691000
