-0.055279 -0.108719 2.167429
-0.059053 0.203499 2.108666
-0.062096 0.505009 2.036725
-0.032454 0.641712 1.991169
-0.231742 0.374387 2.031042
-0.286103 0.118522 2.078536
-0.304881 -0.095752 2.061265
-0.296217 -0.157294 2.053464
0.128778 0.368550 2.076451
0.177636 0.108972 2.129939
0.203207 -0.104348 2.108065
0.194306 -0.163101 2.100503
-0.135642 -0.107897 2.122492
-0.182637 -0.459956 2.272552
-0.203844 -0.794172 2.379337
-0.220053 -0.885208 2.293358
0.026890 -0.105927 2.140239
0.057344 -0.437224 2.265205
0.069526 -0.800802 2.411702
0.106857 -0.881982 2.342056
-0.061430 0.431187 2.056967
-0.285774 -0.224433 2.051790
-0.262718 -0.173258 2.037928
0.183864 -0.233718 2.096593
0.141836 -0.109264 2.119671
