0.045935 -0.117089 2.214036
0.048757 0.199407 2.139272
0.051510 0.505544 2.051749
0.123303 0.623220 2.023361
-0.088319 0.371553 1.999642
-0.184431 0.112660 2.000417
-0.191955 -0.104465 1.993152
-0.184833 -0.167629 1.981444
0.200196 0.365846 2.164721
0.239394 0.110550 2.263177
0.246389 -0.104302 2.248260
0.239955 -0.158224 2.243416
-0.024612 -0.117945 2.140690
-0.128486 -0.481331 2.233249
-0.196875 -0.811942 2.376353
-0.220491 -0.891850 2.291265
0.115511 -0.112453 2.215127
0.131995 -0.451603 2.281423
0.070172 -0.806734 2.414257
0.136677 -0.875324 2.397394
0.050863 0.430545 2.075834
-0.175256 -0.247446 1.991284
-0.154003 -0.161308 1.985667
0.224527 -0.248522 2.243897
0.200296 -0.161681 2.183462
