0.068034 -0.148245 2.031449
0.079272 0.163760 1.962287
0.088813 0.464917 1.880307
0.128222 0.600163 1.819933
-0.079260 0.351136 1.886026
-0.145615 0.094807 1.941689
-0.161150 -0.125198 1.929590
-0.150652 -0.180244 1.939285
0.272783 0.320903 1.928280
0.312887 0.060425 1.999220
0.341665 -0.152359 1.995229
0.331561 -0.206063 1.974416
-0.015035 -0.142378 1.987814
-0.081394 -0.485497 2.086582
-0.135438 -0.847842 2.240066
-0.162769 -0.923929 2.164907
0.148562 -0.148868 2.002944
0.147630 -0.470676 2.119610
0.120229 -0.832002 2.261808
0.147693 -0.922809 2.202107
0.086626 0.391238 1.902981
-0.151178 -0.262179 1.936897
-0.189061 -0.189901 1.903566
0.321189 -0.278839 1.978894
0.353623 -0.221595 1.951445
