-0.139622 -0.034602 2.342099
-0.138109 0.268781 2.261152
-0.136344 0.560742 2.166560
-0.182713 0.698997 2.148173
-0.160384 0.373783 2.027030
-0.221884 0.199894 2.235042
-0.304589 0.310636 2.474553
-0.375905 0.309065 2.502759
-0.082413 0.388381 2.061545
-0.062395 0.118979 2.031993
-0.143042 -0.084511 2.025189
-0.165586 -0.147331 2.036403
-0.213532 -0.027213 2.333436
-0.057018 -0.372336 2.500602
-0.156105 -0.695526 2.563895
-0.164590 -0.765821 2.615125
-0.061311 -0.040961 2.278617
-0.068125 -0.471706 2.278676
-0.003834 -0.826736 2.328861
-0.041873 -0.899871 2.240645
-0.136781 0.489448 2.192697
-0.377149 0.311413 2.499831
-0.449654 0.256119 2.532770
-0.195393 -0.210585 2.045727
-0.133384 -0.155758 2.091222
