-0.365794 0.002741 2.466891
-0.370866 0.305776 2.379361
-0.372930 0.600179 2.275864
-0.375655 0.719176 2.254669
-0.523752 0.490533 2.290838
-0.724212 0.523858 2.348917
-0.872346 0.743692 2.463577
-0.901212 0.793235 2.467565
-0.235767 0.464577 2.297210
-0.135895 0.248783 2.374108
-0.078638 0.054167 2.451703
-0.081140 -0.006015 2.498258
-0.428347 0.000252 2.432905
-0.461407 -0.404363 2.427956
-0.487038 -0.739803 2.479669
-0.479471 -0.795824 2.370817
-0.291146 0.004487 2.431166
-0.256643 -0.381516 2.511359
-0.260968 -0.695528 2.599291
-0.256468 -0.752370 2.489753
-0.372772 0.527945 2.304015
-0.933773 0.848690 2.485399
-0.905831 0.762319 2.469000
-0.079420 -0.073868 2.518996
-0.061267 -0.029830 2.468812
