-0.386289 -0.100623 2.208776
-0.356666 0.225313 2.128765
-0.324782 0.541181 2.036129
-0.333943 0.671543 2.020650
-0.421664 0.390818 2.172182
-0.633001 0.495932 2.150789
-0.600212 0.618817 1.994571
-0.572330 0.628807 1.943610
-0.241440 0.374312 1.973039
-0.349161 0.364037 1.791040
-0.478813 0.504475 1.799250
-0.494934 0.578589 1.842178
-0.438312 -0.099454 2.190424
-0.492410 -0.387607 2.324015
-0.522987 -0.744128 2.435192
-0.587061 -0.809687 2.395444
-0.322439 -0.098767 2.160291
-0.277988 -0.368793 2.238566
-0.245104 -0.735804 2.397820
-0.261182 -0.821306 2.321141
-0.333079 0.463725 2.061403
-0.543774 0.647596 1.887346
-0.570456 0.626119 1.887143
-0.539919 0.637915 1.881076
-0.465555 0.587632 1.861273
