-0.357302 -0.070330 2.175322
-0.310322 0.248603 2.103165
-0.264579 0.557849 2.019639
-0.261706 0.694933 2.017757
-0.361711 0.407382 2.155769
-0.583636 0.544450 2.129561
-0.523877 0.664799 1.979702
-0.489880 0.710456 1.941388
-0.222091 0.362264 1.949859
-0.298542 0.417712 1.765235
-0.409124 0.595189 1.793643
-0.419259 0.662238 1.839885
-0.397052 -0.065634 2.189330
-0.449696 -0.377198 2.319453
-0.472708 -0.736769 2.434977
-0.551544 -0.801127 2.422988
-0.307036 -0.073477 2.093929
-0.261519 -0.346886 2.219609
-0.245097 -0.735797 2.399092
-0.256224 -0.818018 2.325072
-0.276347 0.481914 2.042528
-0.440056 0.724876 1.870990
-0.484889 0.653696 1.930500
-0.453717 0.732462 1.877442
-0.387862 0.662186 1.863724
