-0.360496 -0.087215 2.191422
-0.329747 0.240821 2.117060
-0.299849 0.558189 2.030482
-0.308525 0.690945 2.018606
-0.396836 0.407757 2.166591
-0.617021 0.492351 2.188893
-0.582141 0.607870 2.026721
-0.529849 0.637051 1.934203
-0.230880 0.371680 1.958760
-0.349687 0.386611 1.781039
-0.477777 0.519505 1.824195
-0.510182 0.595533 1.876047
-0.408606 -0.086900 2.181546
-0.456500 -0.397805 2.339929
-0.474195 -0.737511 2.437075
-0.542660 -0.802281 2.421023
-0.303536 -0.089429 2.137115
-0.271420 -0.361689 2.232304
-0.245755 -0.739476 2.398031
-0.258317 -0.819943 2.322649
-0.307408 0.480342 2.054216
-0.489705 0.635170 1.898452
-0.568149 0.633434 1.906222
-0.550032 0.649744 1.916011
-0.484912 0.618293 1.885445
