-0.492290 -0.105931 2.266815
-0.550448 0.183669 2.165778
-0.598746 0.466687 2.058026
-0.683933 0.557429 2.006311
-0.722152 0.310777 2.202470
-0.765535 0.093766 2.269131
-0.860420 -0.069913 2.214660
-0.876666 -0.059373 2.206809
-0.440981 0.381826 2.035737
-0.296681 0.166897 2.056512
-0.283565 -0.029461 2.039541
-0.293607 -0.092346 2.060068
-0.544553 -0.115773 2.260571
-0.499705 -0.420520 2.360711
-0.486495 -0.731397 2.440510
-0.544530 -0.803399 2.428300
-0.425713 -0.092804 2.206439
-0.322830 -0.434310 2.292305
-0.257592 -0.734010 2.437767
-0.232676 -0.809011 2.351738
-0.587766 0.397295 2.086797
-0.941188 -0.112625 2.189009
-0.873030 -0.092003 2.138177
-0.298830 -0.162462 2.076936
-0.269169 -0.109212 2.023775
