-0.198305 -0.101733 2.226390
-0.175923 0.203152 2.141529
-0.135682 0.501142 2.051281
-0.033233 0.588349 2.067402
-0.223946 0.364942 1.955212
-0.253964 0.120657 1.906373
-0.179417 -0.095636 1.915428
-0.157509 -0.156907 1.912927
-0.039274 0.394630 2.183490
-0.046297 0.181616 2.328810
-0.031571 -0.020159 2.389181
0.001403 -0.082523 2.426305
-0.245292 -0.109202 2.155827
-0.330113 -0.414875 2.230369
-0.451637 -0.753631 2.400751
-0.432162 -0.829127 2.330880
-0.145282 -0.094932 2.227254
-0.052577 -0.398719 2.368215
0.091799 -0.704417 2.454072
0.169064 -0.759497 2.376207
-0.145950 0.427992 2.075708
-0.134520 -0.214320 1.929720
-0.179187 -0.179131 1.893167
0.025826 -0.138274 2.448330
0.029993 -0.073025 2.406700
