-0.134973 -0.071194 2.261822
-0.156467 0.221406 2.162055
-0.177956 0.504171 2.049922
-0.115546 0.617684 2.001302
-0.303783 0.376157 2.007140
-0.391831 0.134151 2.017361
-0.406528 -0.070087 2.026024
-0.422923 -0.148009 2.046595
-0.040699 0.409139 2.181644
0.005391 0.181770 2.271236
0.082905 0.002167 2.279951
0.082109 -0.037837 2.281166
-0.192474 -0.076599 2.200247
-0.237674 -0.347530 2.286771
-0.209395 -0.710726 2.448539
-0.201934 -0.807538 2.382337
-0.074541 -0.063153 2.256124
0.015204 -0.395319 2.348940
0.096021 -0.720234 2.429302
0.170708 -0.766740 2.390056
-0.172759 0.434980 2.080095
-0.424764 -0.211475 2.057132
-0.388329 -0.156913 2.031667
0.107344 -0.097539 2.287870
0.091919 -0.034920 2.250135
