0.626649 -0.068854 2.177468
0.663578 0.240779 2.099954
0.696560 0.539877 2.011756
0.803996 0.632963 2.003513
0.555049 0.409747 1.956476
0.418672 0.203310 1.953504
0.406413 -0.032081 1.949264
0.426632 -0.074432 1.971143
0.819857 0.371100 2.145087
0.887017 0.176603 2.195959
1.009716 0.033964 2.141996
1.070296 -0.007271 2.117849
0.560442 -0.062147 2.108159
0.517806 -0.422416 2.121725
0.498962 -0.791486 2.173413
0.515930 -0.857902 2.090053
0.674792 -0.074266 2.182997
0.659569 -0.362623 2.263130
0.578380 -0.784202 2.341227
0.694034 -0.795967 2.336882
0.688663 0.466367 2.035729
0.424548 -0.142825 1.982267
0.373284 -0.080333 1.939140
1.131699 -0.051882 2.106809
1.091794 0.012942 2.097000
