-0.389381 -0.103476 2.196902
-0.427393 0.175774 2.100049
-0.461542 0.446598 1.991762
-0.410836 0.558207 1.916363
-0.582733 0.333579 1.968048
-0.631375 0.099075 1.999300
-0.582318 -0.102904 1.997748
-0.561564 -0.170180 2.008103
-0.313677 0.391696 2.115978
-0.239268 0.173880 2.237541
-0.129850 0.012247 2.250981
-0.094655 -0.043141 2.253719
-0.445629 -0.112457 2.140447
-0.518046 -0.427581 2.177993
-0.563001 -0.789227 2.293437
-0.542122 -0.862132 2.216624
-0.321208 -0.091313 2.186189
-0.251675 -0.367192 2.296165
-0.245644 -0.709498 2.438703
-0.176722 -0.774319 2.443712
-0.453645 0.380175 2.020863
-0.544682 -0.244202 2.017215
-0.559920 -0.200401 1.976333
-0.066008 -0.084426 2.258064
-0.083076 -0.023147 2.220300
