-0.457353 -0.077617 2.261261
-0.468336 0.219917 2.183244
-0.477763 0.508026 2.093554
-0.458573 0.637388 2.057431
-0.621178 0.385630 2.078846
-0.667199 0.144280 2.112649
-0.633998 -0.075427 2.110133
-0.616700 -0.136455 2.126957
-0.313420 0.407479 2.160475
-0.261461 0.158129 2.234899
-0.221277 -0.060094 2.233558
-0.226218 -0.108366 2.253824
-0.520789 -0.081507 2.212268
-0.539723 -0.389599 2.365628
-0.530908 -0.735075 2.496907
-0.574417 -0.797646 2.458483
-0.380041 -0.071170 2.241152
-0.366495 -0.429171 2.386319
-0.363382 -0.725458 2.471077
-0.331632 -0.806999 2.383702
-0.475838 0.437431 2.118173
-0.602903 -0.199110 2.131016
-0.581635 -0.135575 2.109640
-0.229050 -0.148526 2.267734
-0.267384 -0.080086 2.233250
