-0.275153 -0.131698 2.137157
-0.276305 0.180957 2.097440
-0.275186 0.482822 2.044728
-0.267869 0.618772 2.007357
-0.421772 0.342437 2.026160
-0.537698 0.261427 1.856376
-0.385767 0.412617 1.826114
-0.337722 0.462345 1.818006
-0.100647 0.360416 2.050627
-0.034331 0.141820 2.089992
-0.064761 -0.059645 2.028459
-0.092560 -0.109071 2.030911
-0.357784 -0.132350 2.096943
-0.365541 -0.452319 2.206410
-0.363006 -0.825163 2.324857
-0.397625 -0.898624 2.258451
-0.182702 -0.126510 2.104966
-0.161824 -0.455596 2.203792
-0.149807 -0.832081 2.339776
-0.118988 -0.903232 2.261185
-0.275821 0.408897 2.060140
-0.298729 0.517542 1.804270
-0.301613 0.458215 1.881231
-0.106596 -0.194009 2.028765
-0.048881 -0.110811 2.029286
