0.603389 -0.276411 1.682985
0.648084 0.064166 1.630180
0.684684 0.392331 1.565001
0.724991 0.540096 1.562463
0.608300 0.237287 1.462807
0.693727 0.020773 1.399341
0.862446 0.125371 1.569202
0.869622 0.110355 1.565568
0.891091 0.185814 1.683280
0.752148 0.042380 1.463910
0.566256 0.148437 1.438230
0.548290 0.207094 1.465807
0.527188 -0.253669 1.618023
0.587707 -0.557320 1.700328
0.566838 -0.964634 1.834684
0.622667 -1.020455 1.811542
0.654948 -0.287524 1.680763
0.546788 -0.583822 1.935207
0.544147 -0.977569 2.043682
0.524690 -1.009805 1.942890
0.676694 0.312105 1.583278
0.879264 0.150800 1.657766
0.828693 0.112567 1.551300
0.524073 0.239707 1.503659
0.490597 0.163123 1.514590
