-0.291060 -0.146222 2.145103
-0.313398 0.159853 2.073038
-0.333306 0.455508 1.987311
-0.414937 0.562349 1.941008
-0.480496 0.329244 2.076114
-0.549121 0.150173 2.185062
-0.661918 0.045084 2.035066
-0.685561 0.047836 2.029200
-0.165758 0.339651 1.950917
-0.065999 0.113527 1.972018
-0.097052 -0.093551 1.973131
-0.118485 -0.141011 1.984406
-0.364822 -0.148492 2.138188
-0.348622 -0.461094 2.244993
-0.365168 -0.833209 2.328115
-0.389997 -0.903914 2.250510
-0.208699 -0.139695 2.079009
-0.161938 -0.453862 2.194898
-0.145887 -0.830984 2.338176
-0.119301 -0.903834 2.263251
-0.328780 0.383120 2.011020
-0.717535 0.010441 1.964217
-0.664862 0.096473 1.959308
-0.135910 -0.224872 2.002777
-0.071389 -0.140749 1.993319
