0.033436 -0.110516 2.261589
0.050033 0.198030 2.225037
0.065664 0.495834 2.174882
0.077528 0.634593 2.120938
-0.125234 0.395990 2.161408
-0.195019 0.157942 2.174765
-0.145837 -0.042836 2.127666
-0.114203 -0.106911 2.139975
0.232518 0.374903 2.183702
0.274074 0.144729 2.222034
0.231599 -0.055448 2.157515
0.199086 -0.099178 2.157705
-0.049337 -0.105943 2.220825
-0.101104 -0.463209 2.307736
-0.132555 -0.796716 2.445744
-0.162346 -0.874500 2.376662
0.115100 -0.111765 2.228867
0.106565 -0.450238 2.359963
0.065149 -0.797380 2.448421
0.067166 -0.881769 2.371070
0.061929 0.422926 2.189708
-0.102684 -0.160606 2.153309
-0.162035 -0.110500 2.131440
0.181000 -0.171900 2.145486
0.160852 -0.076365 2.136736
