-0.010220 -0.111313 2.262600
-0.005639 0.196777 2.215346
-0.001540 0.494474 2.154583
0.009181 0.632463 2.097550
-0.188576 0.388327 2.150766
-0.250520 0.152662 2.181519
-0.209060 -0.052018 2.150550
-0.183825 -0.095045 2.156192
0.172753 0.378762 2.162604
0.223872 0.144230 2.209285
0.200030 -0.060776 2.161646
0.168861 -0.108359 2.167140
-0.092467 -0.109839 2.223699
-0.119627 -0.451038 2.358298
-0.137726 -0.790231 2.451769
-0.168991 -0.875212 2.381715
0.072286 -0.109208 2.228434
0.076636 -0.450745 2.358904
0.065182 -0.795933 2.450059
0.068580 -0.880727 2.375271
-0.002537 0.421537 2.172082
-0.173088 -0.165997 2.159679
-0.228958 -0.099116 2.145750
0.160740 -0.190588 2.173441
0.128737 -0.097336 2.148475
