-0.122514 -0.112216 2.289560
-0.146610 0.187036 2.218966
-0.169501 0.476397 2.135288
-0.167423 0.606293 2.062917
-0.343578 0.364671 2.137539
-0.388706 0.121368 2.182084
-0.361873 -0.086436 2.170307
-0.363233 -0.143602 2.171270
0.016160 0.383180 2.146660
0.091205 0.145949 2.203665
0.090406 -0.063411 2.186656
0.066655 -0.098675 2.197063
-0.202629 -0.116474 2.252703
-0.183796 -0.454920 2.368048
-0.145106 -0.791711 2.457893
-0.173015 -0.877690 2.397791
-0.038721 -0.104201 2.253612
0.012934 -0.468277 2.344785
0.047493 -0.811269 2.441111
0.069526 -0.879746 2.363472
-0.164018 0.405494 2.158477
-0.350703 -0.216563 2.184129
-0.386116 -0.170620 2.149478
0.064628 -0.180769 2.203157
0.024919 -0.112286 2.187176
