-0.207068 -0.134114 2.177220
-0.170883 0.160227 2.094123
-0.133172 0.446674 1.998690
-0.167982 0.563991 1.933726
-0.322700 0.364992 2.083162
-0.378629 0.130159 2.169448
-0.369785 -0.077953 2.133268
-0.352310 -0.124606 2.125884
0.006977 0.320952 1.970328
0.057685 0.089833 2.002760
0.009679 -0.113998 2.003191
-0.031204 -0.181933 2.020091
-0.283604 -0.123996 2.161299
-0.316925 -0.470001 2.243419
-0.373083 -0.826292 2.324131
-0.405780 -0.894626 2.246508
-0.123408 -0.139722 2.120218
-0.098163 -0.447833 2.221389
-0.136428 -0.815259 2.340458
-0.122230 -0.901563 2.270868
-0.142698 0.376412 2.024438
-0.349562 -0.231544 2.145686
-0.308991 -0.129488 2.096036
-0.058977 -0.256152 2.038586
0.010068 -0.180871 2.009103
