0.616116 -0.297921 1.652354
0.701878 0.033369 1.596442
0.779363 0.355002 1.526272
0.808708 0.508190 1.540769
0.695348 0.198044 1.443913
0.720587 -0.026393 1.380072
0.925241 -0.108539 1.524726
0.929963 -0.085762 1.525651
0.757070 0.195965 1.413644
0.728602 -0.018465 1.366489
0.625102 -0.250602 1.485343
0.651037 -0.274809 1.524543
0.524361 -0.285233 1.595727
0.611670 -0.577124 1.663685
0.610556 -0.956878 1.781008
0.651636 -1.007716 1.775320
0.684811 -0.296442 1.639142
0.574923 -0.597121 1.889384
0.560926 -0.951142 2.013296
0.566834 -1.013270 1.949390
0.761872 0.276392 1.545854
0.932753 -0.119283 1.541907
0.920808 -0.052221 1.509929
0.715541 -0.349339 1.577356
0.728967 -0.223072 1.540448
