0.490950 -0.208403 1.919713
0.488278 0.110430 1.842286
0.478455 0.419107 1.755288
0.572026 0.534065 1.740776
0.378298 0.265000 1.660022
0.320783 0.021862 1.639089
0.463328 -0.206750 1.704663
0.474018 -0.240338 1.759821
0.466936 0.259150 1.596762
0.280428 0.082787 1.606722
0.463202 -0.038286 1.769377
0.525552 -0.094664 1.775641
0.417031 -0.209627 1.850765
0.363281 -0.515037 1.920850
0.239854 -0.867038 2.129936
0.288139 -0.946667 2.076898
0.546714 -0.199362 1.917976
0.549640 -0.538964 2.017166
0.571210 -0.895982 2.069711
0.657210 -0.945127 2.053409
0.481948 0.343611 1.779182
0.499338 -0.273357 1.815892
0.525406 -0.211018 1.785210
0.591496 -0.151749 1.886712
0.577725 -0.012424 1.792437
