0.188288 -0.154867 2.329996
0.398448 0.104289 2.266673
0.605197 0.354636 2.197425
0.723176 0.453541 2.207685
0.455229 0.260387 2.105907
0.513570 0.036839 2.149779
0.416641 0.147393 1.989901
0.415030 0.224883 2.059362
0.648139 0.206229 2.462042
0.698639 -0.009997 2.541035
0.730394 -0.211429 2.453182
0.762810 -0.228926 2.427016
0.139590 -0.126345 2.274308
0.179768 -0.433815 2.304503
0.149405 -0.847238 2.421518
0.213351 -0.888305 2.381300
0.230547 -0.177440 2.316155
0.134447 -0.581338 2.365674
0.269548 -0.785991 2.654596
0.338823 -0.822459 2.617141
0.554698 0.292868 2.216692
0.400645 0.243807 2.049024
0.463117 0.236175 2.021100
0.826525 -0.279754 2.354528
0.764725 -0.199897 2.315867
