0.569442 -0.193142 2.238167
0.684131 0.143207 2.183324
0.789579 0.468760 2.114780
0.923739 0.557587 2.130973
0.678187 0.318874 2.024823
0.808797 0.136508 2.034106
0.961659 0.076118 2.143843
1.025887 0.053449 2.233101
0.903232 0.348936 2.220765
0.990180 0.080012 2.229277
1.142246 0.097909 2.351690
1.194536 0.104002 2.396162
0.508840 -0.163575 2.172301
0.537624 -0.475314 2.229196
0.519647 -0.851930 2.314196
0.599624 -0.908363 2.285392
0.612025 -0.216622 2.233368
0.475925 -0.486533 2.455923
0.475620 -0.870012 2.541723
0.580234 -0.877214 2.485436
0.763947 0.389140 2.133433
1.076984 0.045422 2.258128
1.062986 0.067598 2.226500
1.197052 0.104387 2.388864
1.176027 0.094406 2.374566
