0.010466 -0.118799 2.273846
-0.011265 0.180132 2.214125
-0.032309 0.469395 2.141372
-0.038878 0.605923 2.068846
-0.208740 0.358722 2.126199
-0.248498 0.112823 2.160127
-0.197741 -0.090067 2.132836
-0.174236 -0.131856 2.131618
0.150341 0.379388 2.159675
0.211747 0.125669 2.224565
0.207386 -0.083639 2.207317
0.182713 -0.117558 2.201912
-0.071947 -0.122585 2.233281
-0.087648 -0.463155 2.305584
-0.074090 -0.810847 2.375419
-0.095970 -0.895521 2.295109
0.092512 -0.111157 2.241079
0.119104 -0.410137 2.312313
0.046720 -0.696186 2.616039
0.088464 -0.775793 2.640610
-0.027147 0.398494 2.161839
-0.155939 -0.212796 2.142862
-0.129750 -0.104943 2.124243
0.179283 -0.193964 2.204161
0.222301 -0.114754 2.201368
