-0.100266 -0.132082 2.161737
-0.104023 0.176734 2.113234
-0.107230 0.474887 2.051665
-0.106222 0.614200 1.994065
-0.294669 0.365296 2.053935
-0.348918 0.130016 2.091153
-0.300548 -0.073535 2.055928
-0.283217 -0.116581 2.066847
0.071806 0.356658 2.055902
0.128404 0.120746 2.107253
0.116855 -0.088231 2.076638
0.086267 -0.140130 2.088465
-0.181849 -0.131808 2.124334
-0.177095 -0.468203 2.251225
-0.167470 -0.826496 2.350194
-0.202408 -0.900542 2.284863
-0.015334 -0.127892 2.126188
-0.003174 -0.469343 2.244538
0.002353 -0.817493 2.365934
0.023558 -0.896328 2.300478
-0.106547 0.401881 2.069314
-0.273351 -0.195832 2.067565
-0.330051 -0.117527 2.051536
0.091293 -0.218785 2.099185
0.129739 -0.108518 2.076417
