-0.125392 -0.252868 2.047155
-0.001203 0.033679 1.948484
0.114255 0.312407 1.831359
0.232993 0.399659 1.842455
-0.040300 0.194568 1.753399
-0.043820 -0.061706 1.751279
0.032778 -0.186505 1.886272
-0.005231 -0.229593 1.939695
0.163526 0.193568 2.005788
0.130048 0.027457 2.214104
0.190387 -0.138202 2.312130
0.222973 -0.199846 2.345208
-0.176966 -0.233746 1.947200
-0.148674 -0.526345 2.022853
-0.191717 -0.883035 2.150298
-0.130385 -0.938925 2.109573
-0.069466 -0.263248 2.074313
-0.038691 -0.501602 2.313759
-0.053487 -0.795109 2.427506
0.035772 -0.836491 2.444295
0.086295 0.243917 1.863258
0.005355 -0.283165 2.000914
-0.059632 -0.212510 1.918612
0.286583 -0.303321 2.391691
0.210868 -0.167128 2.320696
