0.309203 -0.119690 2.418464
0.355966 0.202905 2.356306
0.397316 0.516160 2.281490
0.491728 0.635932 2.292395
0.275042 0.379704 2.185102
0.261813 0.126214 2.166114
0.375346 -0.018914 2.250139
0.380665 -0.062116 2.303730
0.398765 0.385201 2.427024
0.536079 0.271677 2.626216
0.699885 0.158566 2.670192
0.774915 0.094479 2.704134
0.264030 -0.115051 2.344414
0.220986 -0.438183 2.405164
0.163183 -0.801513 2.466040
0.223250 -0.873235 2.413502
0.346174 -0.121524 2.420458
0.340348 -0.412533 2.580513
0.273494 -0.769680 2.641732
0.337747 -0.827719 2.662010
0.387781 0.439153 2.302410
0.431987 -0.108530 2.348044
0.335094 -0.110980 2.293714
0.785987 0.038685 2.732574
0.754850 0.075848 2.679222
