0.255518 -0.113352 2.432617
0.329739 0.210272 2.380734
0.389552 0.526091 2.315119
0.493487 0.640642 2.336099
0.258918 0.397030 2.215471
0.211798 0.154054 2.188193
0.314954 -0.005267 2.262001
0.312650 -0.050238 2.312000
0.391053 0.395168 2.460640
0.528459 0.281629 2.659833
0.692318 0.168499 2.703809
0.767346 0.104417 2.737757
0.208626 -0.101555 2.365157
0.196325 -0.430030 2.431919
0.165072 -0.792937 2.467384
0.228602 -0.871966 2.418800
0.294351 -0.121399 2.427441
0.308969 -0.422770 2.612983
0.267224 -0.767168 2.638781
0.338711 -0.825305 2.658615
0.375701 0.448602 2.332832
0.353267 -0.115384 2.353797
0.356172 0.009276 2.348808
0.779252 0.048871 2.767776
0.745789 0.086562 2.712015
