-0.037552 -0.138431 2.161328
-0.011457 0.167448 2.107326
0.014002 0.462928 2.040052
0.013854 0.597033 1.976027
-0.185642 0.374389 2.061091
-0.259065 0.128928 2.117071
-0.250943 -0.079695 2.084843
-0.234545 -0.113652 2.092649
0.173663 0.335011 2.031324
0.213976 0.097328 2.082137
0.186642 -0.110334 2.058761
0.160389 -0.164810 2.067925
-0.118705 -0.131373 2.128402
-0.144495 -0.472956 2.238612
-0.165523 -0.823699 2.348676
-0.196357 -0.898725 2.271165
0.044943 -0.140822 2.121245
0.034392 -0.463972 2.237834
0.004689 -0.825812 2.369464
0.025858 -0.899576 2.297381
0.007730 0.390567 2.059147
-0.243060 -0.183781 2.088305
-0.278430 -0.128911 2.080120
0.149550 -0.251335 2.078842
0.198319 -0.172729 2.060456
