0.156951 -0.096615 2.327239
0.146845 0.211420 2.267211
0.135325 0.509529 2.194724
0.144217 0.657064 2.170727
-0.036033 0.389986 2.186198
-0.098741 0.162574 2.212819
-0.040112 -0.035755 2.166921
0.000204 -0.068552 2.187395
0.321096 0.399053 2.213259
0.381842 0.166869 2.279112
0.333525 -0.047425 2.231061
0.310913 -0.078961 2.231630
0.071904 -0.096185 2.288189
0.038891 -0.454043 2.397621
0.003396 -0.796929 2.465236
-0.017121 -0.871735 2.378148
0.236978 -0.094021 2.293334
0.267120 -0.411735 2.432300
0.262305 -0.770501 2.556273
0.309061 -0.853360 2.517423
0.138384 0.436456 2.215066
0.023215 -0.114170 2.188009
0.026727 -0.066772 2.152283
0.296228 -0.137818 2.231887
0.281262 -0.047644 2.209250
