0.004661 -0.130452 2.211802
0.012818 0.175337 2.162677
0.021079 0.471056 2.099847
0.036713 0.606530 2.033667
-0.165923 0.377660 2.100166
-0.225142 0.134063 2.128649
-0.190014 -0.071045 2.091855
-0.164855 -0.113939 2.093976
0.196049 0.356959 2.106707
0.239101 0.110802 2.161412
0.211174 -0.095332 2.125616
0.184052 -0.139625 2.132944
-0.078101 -0.125893 2.174349
-0.120805 -0.474932 2.265796
-0.160769 -0.816362 2.396470
-0.168687 -0.887093 2.313701
0.087665 -0.130977 2.175760
0.063630 -0.459481 2.305779
0.016072 -0.815006 2.410320
0.009303 -0.890141 2.330353
0.018956 0.398618 2.117894
-0.165542 -0.183007 2.094336
-0.208197 -0.117360 2.074811
0.176286 -0.218324 2.137676
0.217264 -0.170047 2.130300
