0.013245 -0.141366 2.136224
0.010487 0.151843 2.058330
0.005874 0.435231 1.967140
-0.078862 0.529382 1.924743
-0.130464 0.336612 2.079297
-0.173102 0.063565 2.186347
-0.163548 -0.170859 2.164824
-0.140952 -0.250554 2.179417
0.131663 0.310528 1.896444
0.242733 0.116856 1.906701
0.041182 0.032627 1.849026
-0.004238 0.031010 1.877880
-0.055563 -0.134839 2.150402
-0.131569 -0.461487 2.264543
-0.210687 -0.816668 2.351947
-0.295356 -0.859563 2.320091
0.081757 -0.143039 2.049183
0.115758 -0.440065 2.206316
0.229536 -0.816317 2.383024
0.250313 -0.896028 2.321443
0.007180 0.365834 1.992150
-0.148887 -0.334859 2.185436
-0.099830 -0.239085 2.132815
-0.063965 0.032134 1.834082
-0.032358 0.062977 1.787793
