-0.625314 -0.133576 1.955582
-0.678203 0.162450 1.912660
-0.720726 0.447731 1.858247
-0.828513 0.559181 1.852118
-0.836144 0.323345 1.976099
-0.762954 0.063501 1.937182
-0.848481 0.059990 2.125726
-0.878449 0.058946 2.192290
-0.596322 0.300847 1.755914
-0.587094 0.051096 1.721566
-0.586291 -0.200537 1.872049
-0.619175 -0.278626 1.879608
-0.669314 -0.133911 1.952948
-0.477349 -0.600050 2.230286
-0.650646 -0.969160 2.271814
-0.713114 -0.930147 2.211423
-0.558609 -0.128722 1.889329
-0.560501 -0.502718 1.958786
-0.545379 -0.894026 2.058232
-0.611516 -0.954072 2.055204
-0.711394 0.377870 1.873734
-0.873882 0.060402 2.185421
-0.870557 0.055403 2.169730
-0.653234 -0.342309 1.898410
-0.532168 -0.292980 1.841837
