0.053994 -0.057125 2.123349
0.053202 0.249908 2.133786
0.053036 0.544868 2.133016
0.068707 0.700542 2.179402
-0.128328 0.463811 2.087741
-0.297888 0.591720 2.178091
-0.449409 0.713142 2.264267
-0.477478 0.743794 2.294717
0.239481 0.468617 2.130988
0.381401 0.606197 2.204318
0.492320 0.769929 2.281676
0.505913 0.807612 2.310064
-0.024017 -0.057168 2.082434
-0.042249 -0.450557 2.237674
-0.037449 -0.822594 2.381254
-0.060496 -0.898916 2.307648
0.130189 -0.055190 2.091295
0.147265 -0.453358 2.227916
0.166477 -0.820399 2.410724
0.172626 -0.896366 2.333226
0.053129 0.472616 2.135210
-0.501966 0.819700 2.343318
-0.519826 0.746488 2.331800
0.508641 0.867840 2.346838
0.531985 0.784404 2.294000
