-0.360196 -0.139348 2.120823
-0.370520 0.167764 2.049699
-0.377171 0.464747 1.965892
-0.353093 0.616693 2.016969
-0.498238 0.336731 1.952096
-0.579994 0.132017 1.973888
-0.718129 0.295147 2.006440
-0.765258 0.349736 2.021088
-0.206610 0.373521 2.039598
-0.406308 0.327133 1.937914
-0.514975 0.368979 2.110223
-0.551974 0.383573 2.171519
-0.432802 -0.142999 2.065445
-0.425207 -0.476552 2.232104
-0.502765 -0.867546 2.262652
-0.469673 -0.912597 2.158389
-0.275355 -0.130891 2.104508
-0.272587 -0.483364 2.279362
-0.235804 -0.831501 2.347021
-0.338601 -0.847553 2.307920
-0.376074 0.392011 1.989033
-0.766065 0.386518 2.033398
-0.769167 0.370771 2.027132
-0.551446 0.385092 2.167265
-0.538619 0.410968 2.149049
