-0.359498 -0.011402 2.488498
-0.302151 0.285864 2.444896
-0.245599 0.574687 2.386844
-0.323404 0.700313 2.389334
-0.496257 0.522194 2.439122
-0.684688 0.609249 2.611910
-0.674458 0.771242 2.816751
-0.656740 0.813125 2.797203
-0.174902 0.458578 2.410794
-0.110027 0.261288 2.496627
-0.262519 0.410725 2.535968
-0.313501 0.460930 2.553023
-0.432624 -0.005642 2.450369
-0.469290 -0.423702 2.399180
-0.493329 -0.799830 2.385161
-0.496094 -0.845002 2.275479
-0.275948 -0.017963 2.452879
-0.275311 -0.430240 2.566045
-0.288202 -0.778094 2.649990
-0.294114 -0.824395 2.539459
-0.259799 0.503648 2.403662
-0.669603 0.893131 2.817044
-0.734316 0.775370 2.840667
-0.324662 0.443001 2.563818
-0.301426 0.499855 2.530276
