-0.013420 -0.116976 2.056341
-0.009160 0.192112 2.041801
-0.003055 0.488534 2.013881
0.035051 0.613550 1.984851
-0.150255 0.366759 1.940333
-0.233191 0.419835 1.726912
-0.062292 0.555930 1.749779
-0.023965 0.595544 1.786252
0.153482 0.350458 2.004343
0.227381 0.127547 2.084378
0.184567 -0.074643 1.991248
0.152003 -0.091259 1.978402
-0.094754 -0.114702 2.005063
-0.113271 -0.470149 2.160460
-0.113996 -0.840111 2.300892
-0.131518 -0.915630 2.221038
0.068396 -0.115080 2.034895
0.059114 -0.461198 2.173873
0.058387 -0.839669 2.327892
0.065271 -0.911554 2.255861
-0.004628 0.416064 2.023074
0.031141 0.648499 1.758157
0.005349 0.566671 1.863353
0.141629 -0.152924 1.954240
0.114962 -0.072716 1.942339
