-0.023458 -0.092487 2.344915
0.005559 0.230592 2.291667
0.034243 0.543155 2.226038
0.137398 0.648868 2.310446
-0.043533 0.400425 2.129244
0.011914 0.136403 2.087387
0.107012 -0.023349 2.195425
0.029619 -0.047627 2.227625
0.044116 0.339411 2.080440
0.067105 0.084935 2.127282
-0.188203 0.034470 2.180685
-0.206362 -0.028836 2.209666
-0.074103 -0.081220 2.293184
-0.060772 -0.449524 2.385363
-0.125017 -0.818676 2.462179
-0.059735 -0.868207 2.440345
0.028248 -0.100774 2.324206
-0.104412 -0.470664 2.490304
-0.015547 -0.762649 2.753878
-0.061133 -0.806626 2.655027
0.027161 0.466530 2.244647
0.069932 -0.121914 2.304471
-0.025313 -0.108409 2.179069
-0.264273 -0.052462 2.234819
-0.231100 0.041491 2.198194
