-0.071974 -0.083682 2.410827
0.044603 0.196509 2.393923
0.158822 0.471020 2.360988
0.275935 0.556614 2.451981
0.009385 0.380813 2.202552
-0.038616 0.171909 2.116839
0.025392 -0.021250 2.203025
-0.044560 -0.047438 2.207065
0.044164 0.333501 2.108222
-0.024713 0.120614 2.118488
0.051433 0.010658 2.372018
0.107046 0.000931 2.522668
-0.097489 -0.080637 2.335130
-0.112490 -0.444509 2.378237
-0.134320 -0.812777 2.455619
-0.210524 -0.850307 2.396064
-0.047443 -0.082339 2.411190
0.021520 -0.416489 2.652533
-0.027519 -0.758066 2.755973
-0.105222 -0.797322 2.695848
0.130596 0.403347 2.370800
-0.002973 -0.118890 2.275296
0.052910 0.029407 2.232280
0.107750 -0.059456 2.589299
0.081191 -0.029227 2.500143
