-0.224390 -0.057056 2.439669
-0.235487 0.245703 2.376769
-0.245502 0.539084 2.300960
-0.192384 0.658429 2.274928
-0.375657 0.413767 2.228294
-0.477153 0.201289 2.234554
-0.343132 0.030947 2.169249
-0.291442 0.000039 2.215615
-0.361618 0.401908 2.046255
-0.181802 0.254168 2.223840
-0.025308 0.076494 2.395786
0.007448 0.076463 2.393631
-0.226345 -0.058859 2.373946
-0.307260 -0.459085 2.368520
-0.332266 -0.809937 2.411674
-0.325382 -0.884242 2.316247
-0.215684 -0.053617 2.432709
-0.183623 -0.400743 2.608057
-0.253684 -0.756779 2.685173
-0.196432 -0.819155 2.675971
-0.243226 0.467112 2.322165
-0.253019 -0.053520 2.250945
-0.235563 0.060773 2.215750
0.061057 0.031290 2.362309
0.060184 0.063249 2.340778
