-0.532041 -0.187261 1.914479
-0.540929 0.170690 1.904359
-0.542915 0.519327 1.880718
-0.560384 0.675261 1.945031
-0.575656 0.377241 1.777201
-0.546682 0.151942 1.768449
-0.558555 -0.142360 1.708811
-0.587935 -0.134102 1.729236
-0.442572 0.311264 1.769890
-0.345013 0.060479 1.794329
-0.323863 -0.098793 1.934355
-0.352982 -0.112210 1.963319
-0.600558 -0.183764 1.889678
-0.629421 -0.555509 2.042842
-0.630251 -0.902875 2.105359
-0.621946 -0.962215 2.037993
-0.442666 -0.184052 1.867311
-0.461490 -0.527454 2.041850
-0.432193 -0.879861 2.169236
-0.430440 -0.922587 2.059508
-0.543303 0.434038 1.888656
-0.600917 -0.190148 1.766602
-0.675128 -0.116036 1.768943
-0.364899 -0.122786 2.034801
-0.368883 -0.178313 1.855125
