-0.156849 -0.071685 2.393387
-0.168428 0.263096 2.343302
-0.175658 0.588031 2.284382
-0.119439 0.723387 2.374838
-0.201770 0.433568 2.200476
-0.377552 0.399150 2.346114
-0.145075 0.227974 2.248214
-0.113767 0.156846 2.202818
-0.102633 0.395984 2.207477
-0.052958 0.140374 2.185784
-0.092476 0.039690 2.365299
-0.047319 0.000472 2.400517
-0.222063 -0.080941 2.324589
-0.128106 -0.450971 2.388297
-0.126780 -0.828363 2.406166
-0.071674 -0.872024 2.428743
-0.087874 -0.061367 2.383591
-0.257266 -0.377190 2.602876
-0.290050 -0.744107 2.741213
-0.283051 -0.791552 2.630304
-0.174200 0.508207 2.300855
-0.011320 0.093976 2.243812
-0.164360 0.100103 2.203132
-0.047226 -0.012566 2.395811
-0.046801 0.006949 2.374250
