-0.194540 0.053923 2.522117
-0.198764 0.365155 2.520680
-0.202570 0.667355 2.509864
-0.185571 0.757079 2.593961
-0.273982 0.522803 2.393428
-0.006503 0.434980 2.220850
0.221817 0.460898 2.260315
0.258053 0.470616 2.312937
-0.092212 0.683061 2.714613
-0.060583 0.567062 2.992567
-0.120401 0.364788 2.743014
-0.129456 0.309695 2.679673
-0.225097 0.050615 2.466425
-0.217020 -0.398595 2.554174
-0.234404 -0.775142 2.623096
-0.164336 -0.832172 2.606340
-0.157985 0.055764 2.508133
-0.189027 -0.320915 2.555244
-0.283070 -0.699646 2.702192
-0.242190 -0.810858 2.669734
-0.201615 0.593041 2.514566
0.301771 0.470170 2.340739
0.286158 0.452657 2.324857
-0.123580 0.290422 2.702282
-0.128304 0.310875 2.642277
