-0.626975 -0.164193 2.078199
-0.652894 0.125057 2.002019
-0.669938 0.405868 1.918012
-0.714221 0.519600 1.843714
-0.832072 0.284872 1.970464
-0.819875 0.033632 2.018147
-0.856810 -0.167866 2.088143
-0.877114 -0.173271 2.115059
-0.500473 0.320692 1.886470
-0.386920 0.121022 1.922661
-0.471581 -0.077469 1.861235
-0.518220 -0.112741 1.907332
-0.693529 -0.169504 2.069118
-0.666573 -0.492664 2.200600
-0.632794 -0.837063 2.321325
-0.683502 -0.913776 2.272931
-0.540666 -0.152529 2.019402
-0.500764 -0.484985 2.077807
-0.492968 -0.854924 2.175887
-0.535110 -0.934550 2.122435
-0.666875 0.337086 1.941124
-0.843521 -0.219633 2.170354
-0.907948 -0.169818 2.103114
-0.531994 -0.173270 1.899536
-0.452700 -0.188517 1.925148
