-0.186034 -0.008307 2.514920
-0.198212 0.312220 2.470404
-0.208502 0.624258 2.413724
-0.171987 0.717549 2.467262
-0.260553 0.474460 2.322951
-0.045499 0.290933 2.266666
0.139511 0.362563 2.380634
0.150221 0.411129 2.421263
-0.110832 0.486887 2.342368
0.082719 0.347401 2.350146
-0.160945 0.320785 2.282627
-0.221975 0.319708 2.296296
-0.253079 0.004723 2.484889
-0.223427 -0.401850 2.550185
-0.235686 -0.772083 2.625023
-0.172221 -0.832136 2.608339
-0.109397 -0.009602 2.483086
-0.236111 -0.427026 2.560837
-0.316284 -0.793051 2.739587
-0.210675 -0.809378 2.776399
-0.206312 0.547683 2.430048
0.167582 0.450020 2.441462
0.172576 0.415883 2.401533
-0.294780 0.309412 2.295987
-0.252247 0.373635 2.251450
