-0.616651 -0.151007 2.060513
-0.631727 0.141601 2.003015
-0.641654 0.424401 1.933730
-0.654932 0.548434 1.873233
-0.799661 0.339603 1.956966
-0.789679 0.108517 1.944205
-0.885365 -0.085468 2.101553
-0.902430 -0.129319 2.112077
-0.459085 0.329360 1.911362
-0.376176 0.106802 1.942132
-0.475460 -0.080460 1.867249
-0.498819 -0.117231 1.897513
-0.684825 -0.153560 2.042966
-0.660021 -0.513360 2.197860
-0.630961 -0.843086 2.321566
-0.685327 -0.911499 2.282836
-0.527456 -0.143253 2.008651
-0.491642 -0.501092 2.094784
-0.491022 -0.857304 2.173708
-0.518282 -0.934433 2.116032
-0.640044 0.355143 1.953190
-0.919820 -0.200639 2.220257
-0.807157 -0.185760 2.045286
-0.519242 -0.171442 1.897761
-0.534601 -0.084252 1.879488
