0.020404 -0.168588 2.033129
0.026198 0.126843 1.972359
0.032659 0.411977 1.897687
0.063401 0.516675 1.820832
-0.129423 0.345093 1.893222
-0.193289 0.136911 1.817795
-0.010294 0.230562 1.721502
0.067483 0.242109 1.626362
0.212415 0.307938 1.877984
0.375918 0.167729 1.801267
0.197508 0.283206 1.722150
0.073447 0.245122 1.623945
-0.062373 -0.160810 1.994501
-0.118114 -0.523793 2.051968
-0.174979 -0.880520 2.166870
-0.173582 -0.948618 2.089768
0.102792 -0.170124 1.999594
0.114393 -0.494164 2.093731
0.103542 -0.861748 2.246606
0.117640 -0.931212 2.176993
0.031029 0.342206 1.918709
0.112830 0.260714 1.610170
0.045678 0.269128 1.595711
0.031951 0.247583 1.618524
0.096599 0.265838 1.588270
