-0.520521 -0.115528 2.174532
-0.552311 0.174990 2.085481
-0.574579 0.458106 1.984341
-0.528027 0.580183 1.951802
-0.683310 0.351201 1.923311
-0.728916 0.092901 1.912901
-0.649942 -0.113142 1.937663
-0.612768 -0.165434 1.973957
-0.416521 0.376325 2.085934
-0.371099 0.112318 2.151481
-0.327744 -0.090105 2.220151
-0.347595 -0.086715 2.222856
-0.582164 -0.126108 2.101615
-0.604432 -0.479562 2.198067
-0.597146 -0.835598 2.312820
-0.578871 -0.905263 2.239582
-0.442239 -0.100120 2.179854
-0.437109 -0.473144 2.289161
-0.408147 -0.826374 2.378814
-0.343672 -0.887990 2.317081
-0.569935 0.388742 2.012544
-0.606283 -0.262753 2.012399
-0.703819 -0.161608 2.023692
-0.329845 -0.151598 2.236392
-0.318419 -0.061769 2.220421
