0.525139 -0.266233 1.730084
0.688661 0.003542 1.640664
0.840591 0.263628 1.539543
1.005894 0.259166 1.605380
0.748723 0.274346 1.617252
0.819190 -0.003474 1.503682
0.982596 -0.214718 1.618873
0.991907 -0.276292 1.628920
0.964611 0.099642 1.665999
0.954753 -0.202905 1.636186
0.835352 -0.057192 1.475334
0.787089 0.011257 1.487661
0.453421 -0.189867 1.686905
0.522854 -0.589843 1.753343
0.535880 -0.965119 1.840024
0.590509 -1.019489 1.813846
0.576350 -0.331530 1.703856
0.505046 -0.632684 1.979105
0.523492 -1.005011 1.915787
0.587772 -1.026794 1.842898
0.804385 0.199939 1.566680
1.052996 -0.301135 1.657107
0.994850 -0.309379 1.519650
0.749285 0.043685 1.475565
0.847043 0.034899 1.443946
