0.532926 -0.259800 1.732985
0.692874 0.012837 1.652324
0.841438 0.276838 1.562052
1.007692 0.283608 1.623383
0.755999 0.284794 1.627823
0.822490 0.002517 1.524134
0.889249 -0.204979 1.542809
0.914360 -0.227817 1.597772
0.973893 0.110920 1.678553
0.957402 -0.191141 1.641422
0.840936 -0.064585 1.488256
0.789884 0.002854 1.505553
0.461624 -0.187208 1.691775
0.525707 -0.612692 1.756654
0.537843 -0.967799 1.840293
0.589628 -1.017881 1.814682
0.582881 -0.321780 1.705350
0.505981 -0.622887 1.979995
0.522989 -1.011741 1.912830
0.575766 -1.028510 1.837974
0.805963 0.212300 1.586455
0.996733 -0.315764 1.571084
0.901393 -0.251148 1.637182
0.750717 0.039128 1.492350
0.852944 0.032375 1.460073
