-0.203712 -0.145499 2.179436
-0.196154 0.163729 2.118305
-0.185157 0.461317 2.042216
-0.211911 0.592950 1.981892
-0.321722 0.339476 2.114020
-0.376003 0.092083 2.289719
-0.434380 -0.122546 2.349053
-0.440049 -0.137615 2.349712
-0.095526 0.322218 1.963917
-0.022719 0.076478 1.928404
0.017744 -0.149789 1.868449
0.021811 -0.205200 1.866367
-0.263656 -0.143173 2.164797
-0.304110 -0.388328 2.419203
-0.241356 -0.722459 2.565226
-0.241956 -0.789396 2.504248
-0.136918 -0.144223 2.120789
-0.166687 -0.452152 2.202873
-0.103593 -0.784683 2.332920
-0.147980 -0.841598 2.271215
-0.188103 0.388597 2.063748
-0.439259 -0.160418 2.335175
-0.450658 -0.125217 2.309353
0.038599 -0.270168 1.869401
-0.008396 -0.225189 1.836750
