-0.345164 -0.137047 2.044484
-0.308391 0.172597 1.989047
-0.274021 0.472639 1.918534
-0.348351 0.594630 1.894986
-0.456296 0.403537 2.062269
-0.511386 0.187022 2.125752
-0.735313 0.236012 2.083436
-0.770234 0.242528 2.069646
-0.197132 0.333781 1.845617
-0.135486 0.056704 1.825123
-0.182413 -0.172662 1.832393
-0.189385 -0.196828 1.855865
-0.396247 -0.133804 2.036973
-0.366459 -0.456292 2.208102
-0.319691 -0.785295 2.331428
-0.377410 -0.849098 2.271571
-0.282584 -0.134748 1.981558
-0.208520 -0.458472 2.061562
-0.154459 -0.820088 2.180584
-0.216407 -0.876726 2.127506
-0.282694 0.399128 1.938515
-0.816341 0.249033 2.076885
-0.780702 0.271021 2.030000
-0.202661 -0.264542 1.874065
-0.168144 -0.220134 1.833652
