0.343952 -0.145970 2.170716
0.342516 0.183498 2.100586
0.340285 0.506508 2.015278
0.382321 0.645488 1.996175
0.268655 0.377948 1.956466
0.464414 0.128224 1.897253
0.650352 -0.005608 1.923094
0.746185 -0.034237 1.958706
0.484417 0.429412 2.115433
0.358053 0.151691 1.996450
0.240464 -0.141379 2.026433
0.242287 -0.205926 2.066490
0.276971 -0.132484 2.124041
0.468604 -0.447417 2.207424
0.418847 -0.796082 2.302543
0.491211 -0.839355 2.294922
0.400258 -0.153438 2.144238
0.362820 -0.425865 2.262643
0.255957 -0.769983 2.395448
0.317264 -0.807960 2.361301
0.339206 0.427631 2.038717
0.808175 -0.066157 1.969433
0.754549 -0.069878 1.939074
0.233584 -0.248506 2.088100
0.159771 -0.178325 2.097394
