0.088508 -0.145298 2.111587
0.080933 0.164383 2.066501
0.072833 0.463913 2.007397
0.111773 0.596348 1.947006
-0.067157 0.335289 1.994012
-0.122500 0.068102 2.044174
-0.122996 -0.165801 2.050507
-0.107011 -0.167433 2.053592
0.253271 0.344217 2.021001
0.301998 0.090716 2.094276
0.297905 -0.143632 2.094480
0.292572 -0.146226 2.101174
0.012797 -0.143586 2.071776
0.006721 -0.444748 2.216979
-0.016944 -0.780581 2.336770
-0.033930 -0.842741 2.264670
0.161014 -0.140158 2.077890
0.174049 -0.455443 2.236175
0.176482 -0.768099 2.325573
0.174509 -0.851515 2.250264
0.074980 0.390513 2.024523
-0.104288 -0.250969 2.068527
-0.059344 -0.187602 2.030125
0.291282 -0.222299 2.118833
0.243877 -0.161528 2.042176
