-0.362339 -0.164253 2.099955
-0.352980 0.143630 2.007409
-0.339488 0.441579 1.900942
-0.382237 0.561482 1.857004
-0.512155 0.297545 1.962947
-0.645906 0.147888 2.065120
-0.500271 0.351548 1.901275
-0.432933 0.419318 1.837581
-0.195679 0.323416 1.899163
-0.085425 0.187335 1.723556
-0.244591 0.434536 1.825215
-0.332655 0.462619 1.821641
-0.429860 -0.162318 2.078142
-0.494321 -0.454065 2.144530
-0.534601 -0.783315 2.259967
-0.581051 -0.852271 2.209381
-0.282052 -0.160518 2.050346
-0.268250 -0.449925 2.149239
-0.277775 -0.782276 2.284806
-0.285762 -0.851729 2.216371
-0.343387 0.368629 1.929882
-0.385343 0.480116 1.795889
-0.442754 0.362642 1.792125
-0.418007 0.469370 1.853150
-0.282937 0.491994 1.841926
