-0.371383 -0.157177 2.098310
-0.360936 0.148508 2.010696
-0.348900 0.444695 1.910273
-0.380681 0.567970 1.866968
-0.498756 0.314558 1.964932
-0.639695 0.163453 2.057021
-0.514071 0.330457 1.885961
-0.447063 0.362619 1.817347
-0.199728 0.320213 1.901897
-0.091041 0.228874 1.697619
-0.256155 0.384391 1.750986
-0.323099 0.448390 1.763749
-0.441451 -0.154842 2.074888
-0.462908 -0.432866 2.189823
-0.499660 -0.778012 2.309054
-0.537747 -0.846055 2.238327
-0.288808 -0.154154 2.050161
-0.277882 -0.442342 2.167265
-0.278170 -0.782241 2.290171
-0.283504 -0.849913 2.217235
-0.352393 0.372035 1.937706
-0.402789 0.425369 1.773726
-0.396974 0.317174 1.782023
-0.371707 0.534007 1.763558
-0.372470 0.372363 1.737171
