0.267246 -0.115357 2.223540
0.267246 0.178784 2.163225
0.264591 0.463300 2.090848
0.259269 0.598107 2.024570
0.123866 0.375729 2.162289
0.061971 0.142394 2.318666
-0.015648 -0.054122 2.407961
-0.036673 -0.106476 2.436208
0.409379 0.347451 2.051333
0.465598 0.103462 2.103866
0.430756 -0.127365 2.064217
0.394285 -0.164881 2.084799
0.194339 -0.108984 2.207955
0.214175 -0.382954 2.363304
0.232145 -0.721785 2.480534
0.168778 -0.802425 2.431699
0.331320 -0.117878 2.166294
0.372959 -0.444814 2.190604
0.482409 -0.748903 2.375861
0.468567 -0.821548 2.311509
0.265615 0.393581 2.111114
-0.047048 -0.150090 2.456271
-0.006554 -0.116490 2.453000
0.375836 -0.217698 2.099707
0.367901 -0.127675 2.078353
