0.034945 -0.224308 2.272882
0.225249 0.055717 2.300276
0.411185 0.329427 2.313308
0.544087 0.407735 2.396278
0.235332 0.206137 2.177945
0.430151 -0.025019 2.224966
0.529939 -0.168620 2.364941
0.591688 -0.160422 2.392263
0.525490 0.248152 2.431584
0.461541 -0.036039 2.283833
0.645532 -0.152550 2.401058
0.699656 -0.145621 2.412622
0.002771 -0.184189 2.202725
0.150504 -0.449310 2.325242
0.135382 -0.771449 2.413961
0.197796 -0.799647 2.443994
0.067025 -0.256519 2.271372
0.089303 -0.512293 2.401651
0.047437 -0.769663 2.530702
0.100187 -0.796828 2.418678
0.365696 0.262893 2.312601
0.652848 -0.182885 2.430142
0.637856 -0.175338 2.395429
0.766018 -0.187553 2.409305
0.739189 -0.150354 2.294445
