0.670555 -0.075346 2.350757
0.693804 0.237410 2.282249
0.709724 0.537528 2.204540
0.809956 0.652244 2.189773
0.619869 0.390501 2.135815
0.635702 0.137587 2.108090
0.855377 0.004966 2.189728
0.891349 -0.003450 2.204265
0.830402 0.460759 2.313342
0.870761 0.182507 2.447828
1.030394 0.055867 2.327174
1.057258 0.055608 2.366879
0.606129 -0.085393 2.295483
0.599479 -0.450781 2.401347
0.601596 -0.745219 2.475786
0.651639 -0.796391 2.437418
0.714461 -0.067592 2.339565
0.573431 -0.380434 2.533011
0.544743 -0.651093 2.641832
0.544339 -0.741468 2.560202
0.707027 0.463533 2.225855
0.949953 -0.011605 2.232356
0.927513 0.019872 2.211125
1.062435 -0.003845 2.377803
1.032610 -0.009116 2.361000
