0.650902 -0.030318 2.362392
0.623230 0.264436 2.305982
0.592866 0.556845 2.237757
0.657763 0.701815 2.248966
0.531966 0.418881 2.170596
0.494366 0.108429 2.152949
0.548622 -0.122772 2.196182
0.601451 -0.156883 2.235179
0.796210 0.471786 2.430259
0.637888 0.235616 2.265394
0.486321 0.275118 2.017260
0.456342 0.320897 1.958620
0.592445 -0.031429 2.280221
0.592254 -0.385591 2.395507
0.594095 -0.741094 2.473189
0.651335 -0.794883 2.436164
0.691967 -0.017885 2.375051
0.563514 -0.347435 2.552615
0.542719 -0.628845 2.636567
0.538203 -0.724406 2.566386
0.601789 0.485749 2.256912
0.664915 -0.203392 2.246448
0.634823 -0.123319 2.223570
0.400989 0.366538 1.889184
0.494354 0.371085 1.911749
