0.000952 -0.182148 1.993777
-0.008874 0.129417 1.947861
-0.016763 0.429653 1.887473
0.023304 0.563412 1.823573
-0.152757 0.313782 1.887169
-0.206629 0.045907 1.946856
-0.211280 -0.187633 1.956439
-0.199404 -0.197268 1.962179
0.165344 0.309968 1.898699
0.220096 0.054749 1.982535
0.227043 -0.178559 1.993730
0.198112 -0.233702 2.000003
-0.073182 -0.175418 1.955718
-0.083905 -0.473374 2.085631
-0.108911 -0.808332 2.216156
-0.126470 -0.877757 2.137880
0.075405 -0.182405 1.959219
0.078133 -0.487904 2.105681
0.082124 -0.811170 2.215222
0.082895 -0.881824 2.137678
-0.015040 0.356176 1.904746
-0.189211 -0.286727 1.992315
-0.149634 -0.197340 1.911873
0.165202 -0.297027 2.006872
0.170727 -0.212218 1.949084
