-0.301861 -0.139039 2.180534
-0.268602 0.176090 2.107854
-0.236117 0.482919 2.020169
-0.178874 0.623829 2.032816
-0.305258 0.348808 1.935813
-0.284725 0.059739 1.917236
-0.213183 -0.153678 1.972985
-0.232791 -0.200090 2.030529
-0.117825 0.394284 2.122841
-0.051024 0.087465 2.175459
-0.135964 -0.023195 2.444780
-0.164332 -0.059863 2.538523
-0.347976 -0.138050 2.126849
-0.326153 -0.462798 2.206216
-0.375332 -0.779972 2.313689
-0.310345 -0.836859 2.280600
-0.247683 -0.134620 2.160887
-0.225671 -0.352332 2.384876
-0.413711 -0.702930 2.440419
-0.328292 -0.761761 2.438549
-0.245373 0.407517 2.043323
-0.198417 -0.271921 2.032003
-0.281074 -0.221882 2.041369
-0.163017 -0.097226 2.566149
-0.162002 -0.095887 2.552762
