-0.311426 -0.135290 2.204534
-0.270583 0.175922 2.130328
-0.226950 0.475949 2.039433
-0.152879 0.604316 2.045160
-0.304337 0.335046 1.964980
-0.256509 0.101226 1.967352
-0.177410 -0.078638 2.083574
-0.205432 -0.111196 2.176719
-0.108720 0.387367 2.142057
-0.042012 0.080671 2.194625
-0.127010 -0.029894 2.463956
-0.155380 -0.066545 2.557703
-0.359459 -0.135800 2.139688
-0.326477 -0.447006 2.160122
-0.352047 -0.798194 2.218292
-0.275063 -0.858987 2.186321
-0.253075 -0.130692 2.196583
-0.397255 -0.453052 2.359231
-0.309616 -0.868894 2.374627
-0.254066 -0.810267 2.426826
-0.238139 0.402447 2.064795
-0.203352 -0.144318 2.210320
-0.238831 -0.093173 2.120143
-0.153933 -0.103041 2.585196
-0.153144 -0.102512 2.571937
