0.001529 -0.179267 1.995016
-0.007136 0.131381 1.951932
-0.015165 0.431308 1.895734
0.026320 0.562153 1.827156
-0.150745 0.316842 1.893176
-0.203358 0.047125 1.943481
-0.210326 -0.187476 1.939012
-0.195170 -0.197366 1.953336
0.168474 0.312520 1.903981
0.221356 0.056046 1.971410
0.226946 -0.178122 1.975957
0.211996 -0.166777 1.973621
-0.072384 -0.172354 1.957229
-0.084533 -0.467608 2.081726
-0.108391 -0.808587 2.215447
-0.126075 -0.878220 2.138079
0.075678 -0.180073 1.960573
0.080138 -0.487406 2.104083
0.083140 -0.812100 2.215323
0.082889 -0.882270 2.138633
-0.013236 0.357942 1.911984
-0.195405 -0.283538 1.975431
-0.144567 -0.213373 1.915292
0.209512 -0.247332 1.978231
0.166928 -0.166320 1.930083
