-0.001427 -0.115666 2.240504
-0.004922 0.186421 2.184603
-0.008342 0.478841 2.115760
0.011646 0.618362 2.054784
-0.159453 0.361699 2.115757
-0.218478 0.101881 2.194690
-0.253618 -0.126614 2.220867
-0.245737 -0.174530 2.250108
0.165376 0.371424 2.134632
0.225768 0.104830 2.220520
0.243292 -0.126028 2.245141
0.226670 -0.110917 2.255384
-0.074324 -0.111136 2.199477
-0.074911 -0.436501 2.284915
-0.097146 -0.743434 2.419389
-0.107895 -0.818327 2.345077
0.071614 -0.115822 2.208638
0.064203 -0.444337 2.354749
0.056792 -0.743488 2.447095
0.068804 -0.815245 2.375832
-0.007501 0.407163 2.135250
-0.258052 -0.214154 2.286402
-0.203474 -0.198960 2.210684
0.226618 -0.190277 2.285016
0.175586 -0.117375 2.234692
