0.587824 -0.091738 2.289717
0.526002 0.220397 2.217302
0.459971 0.522450 2.133801
0.507343 0.658436 2.112205
0.412179 0.403697 2.093108
0.541938 0.136561 2.033707
0.767806 0.141050 2.067694
0.757566 0.190170 2.079776
0.671341 0.439512 2.425131
0.596547 0.242393 2.171087
0.781969 0.238152 2.410236
0.798747 0.229801 2.440491
0.516283 -0.079689 2.260381
0.542960 -0.440737 2.335193
0.553967 -0.751333 2.443262
0.635846 -0.802651 2.427502
0.640916 -0.101357 2.249839
0.486967 -0.366651 2.488161
0.331269 -0.604471 2.570882
0.336626 -0.688771 2.595377
0.477109 0.448435 2.156920
0.771391 0.241769 2.119418
0.764503 0.242463 2.034300
0.805410 0.214536 2.443722
0.750378 0.245643 2.430500
