0.385653 0.028102 2.301676
0.427371 0.355459 2.222625
0.468060 0.670461 2.132077
0.582401 0.773830 2.136758
0.326867 0.531340 2.026726
0.268632 0.217369 1.992960
0.279005 -0.008873 2.034270
0.279513 -0.045165 2.061661
0.567586 0.591637 2.316519
0.613681 0.327319 2.467170
0.761663 0.195857 2.570901
0.815611 0.202519 2.595490
0.345497 0.023905 2.183778
0.215115 -0.391646 2.244755
0.078540 -0.751703 2.364620
0.068642 -0.808303 2.286255
0.426722 0.038122 2.369467
0.476462 -0.373040 2.487091
0.519515 -0.705420 2.568768
0.595800 -0.741513 2.555027
0.458216 0.593492 2.156759
0.281742 -0.106424 2.074457
0.310013 -0.029744 2.051333
0.876971 0.179201 2.693405
0.776310 0.186248 2.587200
