-0.016026 -0.009009 2.099551
-0.023341 0.306065 2.035873
-0.030031 0.608810 1.959510
-0.035074 0.751109 1.895271
-0.203257 0.488663 1.984584
-0.239124 0.233258 2.015510
-0.219646 0.003203 2.035156
-0.203318 -0.055069 2.054404
0.139069 0.480208 1.968053
0.198723 0.225927 2.007198
0.201167 -0.005376 2.022295
0.184759 -0.051796 2.032312
-0.092698 -0.010167 2.065170
-0.092988 -0.384508 2.214580
-0.065963 -0.753610 2.378428
-0.095708 -0.824219 2.297852
0.061269 -0.007522 2.059465
0.112797 -0.375857 2.199993
0.123230 -0.747738 2.349874
0.132005 -0.821638 2.281063
-0.028440 0.534914 1.980783
-0.195692 -0.140661 2.075641
-0.156531 -0.053524 2.024299
0.188804 -0.140683 2.044432
0.222515 -0.031296 2.014238
