0.535396 -0.111858 1.818594
0.662465 0.153359 1.688127
0.779491 0.408235 1.545867
0.892069 0.488386 1.500740
0.597626 0.295740 1.502337
0.522535 0.045371 1.521068
0.688294 -0.140075 1.611495
0.719569 -0.157998 1.614023
0.938859 0.285990 1.723243
1.189687 0.210008 1.660561
1.401645 0.146878 1.611292
1.471154 0.127237 1.598779
0.469852 -0.112426 1.739108
0.487024 -0.519458 1.840784
0.527098 -0.866885 1.923890
0.578685 -0.925338 1.876682
0.580132 -0.108376 1.826298
0.633278 -0.541205 2.017811
0.469233 -0.836367 1.940547
0.544440 -0.886681 1.915703
0.751812 0.346094 1.583320
0.799411 -0.202757 1.698833
0.736288 -0.133443 1.595024
1.457860 0.143771 1.569243
1.450556 0.150212 1.561803
