0.505096 -0.087895 1.758518
0.666619 0.145780 1.630906
0.816043 0.369548 1.493751
0.930096 0.450611 1.448829
0.637437 0.294993 1.447639
0.551974 0.031121 1.456373
0.725630 -0.135063 1.571620
0.745829 -0.157436 1.593450
0.971462 0.242888 1.688785
1.221788 0.155258 1.665952
1.433621 0.082370 1.650492
1.503134 0.059531 1.648709
0.439703 -0.076485 1.674876
0.492710 -0.440361 1.769978
0.525249 -0.871829 1.918051
0.587113 -0.927934 1.866672
0.549934 -0.095342 1.771365
0.608354 -0.534348 1.958665
0.484084 -0.921205 2.027137
0.512840 -0.925851 1.902413
0.780534 0.315041 1.529705
0.826636 -0.204164 1.686569
0.766239 -0.132432 1.574574
1.489868 0.076390 1.619136
1.484086 0.081543 1.612566
