0.016438 -0.057591 1.912635
0.008521 0.259741 1.844954
0.001012 0.563918 1.764327
-0.000360 0.711387 1.707745
-0.166540 0.449358 1.785276
-0.209763 0.177298 1.828045
-0.192365 -0.052990 1.847942
-0.170172 -0.105171 1.858141
0.169460 0.431800 1.769889
0.228090 0.172258 1.813586
0.242425 -0.058191 1.832275
0.227539 -0.125864 1.849363
-0.060878 -0.056856 1.879778
-0.085383 -0.444073 2.012438
-0.080705 -0.810465 2.168442
-0.100964 -0.878270 2.097749
0.093177 -0.056077 1.871011
0.152721 -0.435257 2.008902
0.184664 -0.807879 2.165645
0.202674 -0.871300 2.092786
0.002849 0.489801 1.786656
-0.160231 -0.194057 1.873790
-0.207240 -0.099181 1.844750
0.234414 -0.191613 1.849503
0.182871 -0.118749 1.831161
