-0.078469 0.013421 2.447692
0.012314 0.305614 2.397461
0.083442 0.591051 2.354625
0.193785 0.692786 2.380181
0.172864 0.494380 2.319005
0.188561 0.215539 2.397896
0.285653 0.084911 2.588880
0.289423 0.087551 2.697899
0.149502 0.516941 2.530055
0.286349 0.241076 2.585954
0.240493 0.057174 2.706857
0.255085 0.034225 2.765621
-0.067543 0.010681 2.373036
0.005526 -0.427739 2.254486
-0.004272 -0.804555 2.235815
0.039837 -0.857567 2.166047
-0.087002 0.015752 2.448046
0.165028 -0.166878 2.794982
0.053796 -0.479278 2.460758
0.085687 -0.526138 2.510051
0.066021 0.520241 2.367715
0.337434 0.024769 2.739496
0.265481 0.022798 2.725000
0.265312 -0.052847 2.801536
0.264831 0.026470 2.718333
