0.519437 -0.097068 2.034947
0.595161 0.223656 1.908355
0.664418 0.532774 1.770017
0.781912 0.625944 1.749630
0.510696 0.404333 1.696523
0.552435 0.149817 1.670986
0.766713 0.129323 1.841478
0.819011 0.168208 1.904315
0.768402 0.340917 1.926679
0.742268 0.170138 2.068616
0.880811 0.194930 1.877450
0.928391 0.203513 1.817489
0.461323 -0.079779 1.983924
0.366880 -0.481484 2.010851
0.306060 -0.820870 2.177585
0.340942 -0.869009 2.110369
0.559243 -0.110829 2.014260
0.585845 -0.471876 2.178437
0.560513 -0.804202 2.239689
0.633710 -0.829575 2.198074
0.648185 0.457295 1.806582
0.885514 0.209039 1.928800
0.781557 0.202957 1.939087
0.915423 0.198117 1.802727
0.913107 0.213979 1.792959
