0.453040 -0.097763 1.964411
0.694774 0.144133 1.871982
0.922871 0.377411 1.768832
0.983134 0.485716 1.718278
0.675054 0.329818 1.698457
0.760439 0.045933 1.645341
0.882512 -0.138007 1.693513
0.936038 -0.159295 1.702816
1.018027 0.173663 2.003557
1.146304 0.041276 2.118987
1.162489 0.046513 2.091163
1.225450 0.068557 2.044681
0.389972 -0.071824 1.872934
0.331153 -0.487218 2.001563
0.308515 -0.825733 2.120947
0.356355 -0.881050 2.060502
0.499399 -0.119874 1.981753
0.559537 -0.537055 2.203856
0.520422 -0.869124 2.258926
0.615311 -0.849770 2.201055
0.867748 0.320406 1.796256
1.026042 -0.173425 1.718633
0.940978 -0.131182 1.707919
1.283184 0.074168 2.003544
1.193314 0.087622 2.012680
