-0.025112 -0.028252 2.017111
-0.036276 0.288705 1.953404
-0.050522 0.592275 1.875244
-0.035515 0.729792 1.815793
-0.212671 0.468229 1.869946
-0.259710 0.202181 1.900710
-0.237656 -0.027014 1.924900
-0.220761 -0.063989 1.936770
0.120070 0.466117 1.914650
0.183009 0.210783 1.952883
0.209031 -0.020197 1.954052
0.204886 -0.055915 1.956506
-0.101708 -0.030660 1.974732
-0.129002 -0.430816 2.100242
-0.124937 -0.791970 2.254153
-0.161338 -0.855000 2.190419
0.052345 -0.024103 1.991992
0.104353 -0.412159 2.117893
0.115587 -0.785548 2.256744
0.131323 -0.848629 2.185626
-0.046787 0.518268 1.897310
-0.214569 -0.151307 1.946568
-0.178082 -0.046829 1.928641
0.209959 -0.128700 1.953437
0.172365 -0.048044 1.964333
