0.019628 0.014613 2.351102
0.091028 0.369601 2.302788
0.160018 0.712644 2.245348
0.277159 0.799119 2.246367
0.057285 0.560717 2.118106
0.096448 0.244759 2.079334
0.140309 0.013754 2.142963
0.129261 -0.025621 2.189930
0.257157 0.634953 2.417108
0.319125 0.393507 2.565389
0.317469 0.197566 2.677652
0.290287 0.199195 2.745217
-0.018129 0.016508 2.283517
0.065224 -0.417579 2.329724
0.016252 -0.767418 2.379947
0.056112 -0.825637 2.302223
0.056810 0.012129 2.345619
0.044655 -0.489810 2.342920
-0.022138 -0.824077 2.306889
0.025317 -0.792599 2.364953
0.143203 0.628607 2.261539
0.144331 -0.089910 2.219115
0.080621 -0.024423 2.196025
0.265834 0.098896 2.669724
0.291327 0.199185 2.731867
