-0.326220 0.022176 2.495447
-0.324346 0.336596 2.458889
-0.318786 0.641459 2.410980
-0.293114 0.784892 2.410443
-0.500220 0.540403 2.435669
-0.690289 0.626963 2.578462
-0.642831 0.777500 2.780047
-0.642960 0.809157 2.788361
-0.207863 0.533258 2.433082
-0.166097 0.279922 2.507709
-0.226620 0.226050 2.675057
-0.244875 0.241229 2.744245
-0.395914 0.023888 2.453110
-0.417770 -0.409333 2.404305
-0.411376 -0.814845 2.386823
-0.407848 -0.864707 2.269292
-0.247066 0.019584 2.466813
-0.185478 -0.408355 2.566678
-0.163095 -0.763386 2.655339
-0.163134 -0.814753 2.536922
-0.320587 0.566580 2.425009
-0.643868 0.868179 2.826243
-0.610873 0.841411 2.763167
-0.251626 0.234459 2.749173
-0.250436 0.233350 2.736167
