-0.167419 -0.117252 2.096623
-0.177721 0.184387 2.025714
-0.185949 0.475760 1.942173
-0.171725 0.620434 1.882680
-0.358066 0.357922 1.951383
-0.413601 0.100639 1.990048
-0.438018 -0.094270 1.949072
-0.422137 -0.171592 1.922562
-0.000206 0.353503 1.975647
0.050369 0.108776 2.066645
0.084656 -0.085940 2.085283
0.078142 -0.167841 2.077027
-0.241878 -0.120155 2.053880
-0.289435 -0.457858 2.181082
-0.307452 -0.811878 2.347204
-0.346382 -0.891126 2.284898
-0.087258 -0.110354 2.067920
-0.035773 -0.469711 2.135523
0.002566 -0.842073 2.253932
0.027283 -0.917329 2.184026
-0.184193 0.404441 1.965239
-0.414116 -0.239775 1.911782
-0.413571 -0.217601 1.935500
0.074256 -0.243214 2.088365
0.111837 -0.153961 2.066905
