-0.463597 -0.168624 2.034770
-0.565500 0.138826 1.946128
-0.660764 0.435350 1.845753
-0.763949 0.531916 1.814329
-0.751482 0.237639 1.993393
-0.803933 0.015631 2.055721
-0.905401 -0.151002 2.027492
-0.934408 -0.183199 2.015593
-0.471292 0.333778 1.783037
-0.363001 0.135274 1.764724
-0.526030 -0.072328 1.767384
-0.568588 -0.108181 1.779450
-0.512500 -0.184112 2.036335
-0.520978 -0.497207 2.107278
-0.478407 -0.847828 2.232459
-0.529151 -0.917501 2.183033
-0.399064 -0.147342 1.963256
-0.260315 -0.513277 2.016638
-0.191919 -0.859223 2.123350
-0.202069 -0.928557 2.058623
-0.638054 0.362781 1.872847
-0.942958 -0.242930 2.009596
-0.934722 -0.230884 1.974300
-0.615503 -0.162456 1.799357
-0.594747 -0.069387 1.795286
