-0.087216 -0.103901 2.034071
-0.077486 0.190962 1.984118
-0.067502 0.476887 1.921952
-0.046554 0.600432 1.836663
-0.218474 0.380410 1.931787
-0.358003 0.361022 1.776593
-0.206415 0.488966 1.753465
-0.196789 0.513819 1.745389
0.104910 0.372482 1.916183
0.259217 0.339770 1.778783
0.117939 0.497075 1.751724
0.107494 0.517716 1.747886
-0.170314 -0.098581 2.003037
-0.219069 -0.470860 2.109452
-0.267753 -0.840107 2.247789
-0.288909 -0.914606 2.173750
-0.001220 -0.105446 1.992967
-0.002242 -0.449550 2.117020
-0.025066 -0.830591 2.269793
-0.012564 -0.917836 2.198200
-0.070102 0.406862 1.939610
-0.124663 0.567217 1.733459
-0.144529 0.539405 1.752111
0.037047 0.574884 1.728744
0.097984 0.505539 1.794077
