-0.000270 -0.146602 2.397761
0.089137 0.099387 2.230012
0.174015 0.331194 2.046636
0.305831 0.371185 1.992522
0.026062 0.334546 2.043805
-0.174100 0.270825 2.070401
-0.152572 0.077084 2.102733
-0.117311 0.035959 2.131894
0.260273 0.190578 2.170548
0.151921 0.009887 2.226332
0.054230 -0.167244 2.202251
-0.004182 -0.210363 2.189354
-0.066122 -0.122632 2.342220
-0.131297 -0.453382 2.345123
-0.119362 -0.798776 2.436223
-0.114790 -0.874254 2.359069
0.065197 -0.166257 2.381437
0.104908 -0.440751 2.522468
0.126695 -0.727407 2.611687
0.208438 -0.789686 2.626636
0.154031 0.273747 2.094833
-0.107937 -0.059865 2.144204
-0.112572 -0.006352 2.086190
-0.031150 -0.295773 2.151735
-0.036217 -0.190691 2.257167
