-0.022838 -0.121472 2.353184
-0.041355 0.087425 2.121479
-0.058375 0.291686 1.878035
-0.050972 0.370665 1.781177
-0.245902 0.291370 2.015940
-0.308160 0.121375 2.174424
-0.225742 -0.080839 2.132650
-0.191486 -0.107918 2.156780
0.070338 0.198529 1.942805
0.044516 -0.027303 2.029919
-0.119119 -0.230830 2.077219
-0.161812 -0.277774 2.097021
-0.097960 -0.109154 2.339835
-0.135175 -0.499735 2.306616
-0.089331 -0.795612 2.433137
-0.106547 -0.855516 2.349487
0.053025 -0.129403 2.295019
0.055570 -0.481293 2.279019
0.076601 -0.815267 2.441346
0.098755 -0.875000 2.351563
-0.054300 0.241517 1.941137
-0.195454 -0.196596 2.133286
-0.148272 -0.077942 2.145415
-0.177270 -0.358409 2.094332
-0.181478 -0.227482 2.143667
