0.166709 -0.079120 2.452296
0.213648 0.223451 2.362210
0.258564 0.517634 2.262611
0.373191 0.596079 2.247878
0.108949 0.414660 2.199156
-0.021216 0.208817 2.183875
0.016999 -0.017526 2.199150
0.045151 -0.090751 2.238199
0.347319 0.384647 2.437003
0.422087 0.258102 2.598947
0.537511 0.121258 2.505053
0.550402 0.097108 2.471034
0.107506 -0.079050 2.367266
0.015030 -0.461001 2.380911
-0.068297 -0.804644 2.437436
-0.075378 -0.870212 2.350161
0.220935 -0.076735 2.466322
0.199794 -0.414324 2.585129
0.138219 -0.754540 2.655311
0.186767 -0.830572 2.603827
0.247653 0.445410 2.289515
0.051928 -0.178057 2.259482
-0.014987 -0.093786 2.282353
0.560448 0.029479 2.481787
0.518881 0.081619 2.488250
