-0.098424 -0.122967 2.077055
-0.110364 0.181858 2.020971
-0.121526 0.475803 1.951830
-0.131928 0.618648 1.886965
-0.299069 0.348618 1.959961
-0.334701 0.092553 1.996718
-0.327363 -0.120994 1.991149
-0.309673 -0.178459 1.993069
0.058714 0.353864 1.978425
0.113927 0.102727 2.033659
0.129943 -0.104851 2.016156
0.107849 -0.170990 2.019685
-0.176015 -0.125021 2.035656
-0.193969 -0.467204 2.156637
-0.190213 -0.819405 2.315331
-0.197350 -0.901642 2.247549
-0.017473 -0.116709 2.046829
0.012867 -0.465006 2.172968
0.017302 -0.818163 2.335381
0.047953 -0.899613 2.268811
-0.118897 0.403894 1.971345
-0.304542 -0.256638 1.991500
-0.347834 -0.197597 1.956600
0.116203 -0.242156 2.007344
0.069883 -0.150609 2.008425
