-0.335588 -0.120679 2.106738
-0.372970 0.176699 2.021114
-0.408245 0.463795 1.922249
-0.481765 0.581550 1.868907
-0.542129 0.345507 2.057243
-0.575743 0.134250 2.076948
-0.614669 0.038443 1.868797
-0.635585 0.012512 1.804104
-0.224597 0.365554 1.908127
-0.110880 0.179868 1.921265
-0.263094 0.025657 1.845449
-0.320453 -0.018847 1.865315
-0.398009 -0.120757 2.094674
-0.426136 -0.452346 2.182741
-0.429737 -0.808238 2.283592
-0.462242 -0.861971 2.179031
-0.261952 -0.116492 2.048129
-0.151162 -0.459007 2.141467
-0.059692 -0.820606 2.322005
-0.018517 -0.893622 2.249785
-0.399928 0.393534 1.949166
-0.634186 0.002302 1.757713
-0.697600 0.058120 1.830421
-0.379495 -0.072914 1.846051
-0.358459 0.017701 1.904154
