-0.099194 -0.115711 2.331464
0.054501 0.171736 2.257698
0.204492 0.451683 2.172119
0.337109 0.516906 2.184383
0.068309 0.322294 2.095793
0.162370 0.072684 2.051642
0.294647 -0.121239 2.077112
0.355907 -0.192939 2.092992
0.269400 0.329953 2.351627
0.184430 0.166200 2.144235
0.291557 -0.075585 2.119773
0.330303 -0.169597 2.089529
-0.129501 -0.082584 2.274218
-0.071710 -0.470057 2.336608
-0.120646 -0.811282 2.435096
-0.073277 -0.876169 2.409120
-0.065757 -0.145252 2.317267
-0.092867 -0.586055 2.371861
-0.003224 -0.762375 2.622580
0.072073 -0.823437 2.611490
0.167663 0.382819 2.195688
0.407118 -0.250118 2.110451
0.327153 -0.207263 2.096893
0.374114 -0.246470 2.100900
0.344378 -0.238352 2.098500
