-0.026246 -0.097935 2.485102
0.066395 0.244485 2.411213
0.149459 0.576927 2.327860
0.281485 0.651692 2.387261
0.047314 0.433874 2.211295
0.028202 0.188616 2.174950
0.187054 0.052113 2.327333
0.159256 0.021749 2.350897
0.200853 0.335563 2.164102
0.029644 0.193305 2.155519
0.144210 0.151739 2.378669
0.155534 0.143912 2.351589
-0.077759 -0.080077 2.403900
0.098234 -0.423750 2.453966
-0.016244 -0.789432 2.559175
0.049870 -0.838826 2.525367
0.026047 -0.114028 2.493232
-0.040149 -0.448675 2.673384
-0.075901 -0.761429 2.761393
0.019289 -0.799993 2.670283
0.130411 0.495300 2.349366
0.234916 -0.028227 2.411170
0.100544 -0.038250 2.315105
0.187845 0.123030 2.399051
0.130625 0.064584 2.293524
