-0.068631 -0.165100 1.929666
-0.083046 0.147641 1.867565
-0.096640 0.449013 1.792783
-0.062203 0.592220 1.746935
-0.255920 0.316247 1.780762
-0.303368 0.062238 1.817310
-0.297360 -0.153098 1.825386
-0.276865 -0.212470 1.837034
0.090215 0.315917 1.855478
0.138371 0.063082 1.924677
0.173143 -0.131257 1.926517
0.164843 -0.208559 1.924882
-0.144826 -0.164894 1.878381
-0.199210 -0.505248 2.003044
-0.216552 -0.852849 2.145639
-0.229782 -0.936724 2.079362
0.009997 -0.159214 1.909510
0.045288 -0.487118 2.026408
0.074359 -0.859247 2.185635
0.105325 -0.931010 2.127128
-0.093406 0.375352 1.813659
-0.275533 -0.288593 1.843211
-0.318585 -0.197708 1.820438
0.171740 -0.267636 1.915481
0.199926 -0.201100 1.904099
