0.005826 -0.221465 2.369582
0.138163 -0.001919 2.172524
0.270101 0.211078 1.964926
0.384595 0.237378 1.892170
0.117303 0.191094 1.965618
0.071170 -0.067522 2.011348
0.148474 -0.267294 2.155714
0.190741 -0.346464 2.231521
0.409390 0.103180 2.228725
0.275800 -0.013761 2.337165
0.272027 -0.219185 2.297774
0.258857 -0.255875 2.310344
-0.041073 -0.191567 2.313718
-0.127748 -0.593669 2.296983
-0.154190 -0.912990 2.362697
-0.176293 -0.890290 2.245226
0.053369 -0.243433 2.354229
0.048588 -0.615759 2.471575
0.063384 -0.795966 2.474079
0.092236 -0.873962 2.394045
0.237631 0.158917 2.018985
0.216928 -0.413738 2.258920
0.211969 -0.389352 2.213818
0.235814 -0.360003 2.267045
0.230938 -0.354178 2.249500
