-0.083174 -0.100464 2.195113
-0.089514 0.199510 2.092337
-0.083898 0.490199 1.979979
-0.007692 0.601588 1.960769
-0.201788 0.362684 1.912497
-0.208435 0.120902 1.845320
-0.073202 -0.104918 1.806303
-0.030716 -0.169298 1.792044
0.021337 0.387315 2.138715
0.067098 0.189235 2.298007
0.092796 -0.019820 2.449587
0.113991 -0.064463 2.504285
-0.139590 -0.110614 2.107193
-0.229160 -0.474625 2.202584
-0.275113 -0.820712 2.336797
-0.265719 -0.901550 2.256262
-0.024054 -0.086941 2.211673
0.049463 -0.430351 2.338442
0.068674 -0.785871 2.473341
0.130334 -0.852433 2.456859
-0.085925 0.419069 2.010056
0.013076 -0.223953 1.791090
-0.000053 -0.160276 1.767218
0.135799 -0.118847 2.580883
0.110829 -0.082922 2.476207
