0.605122 -0.094209 2.293407
0.720148 0.214584 2.247418
0.833347 0.514747 2.188671
0.983823 0.575648 2.214435
0.685372 0.374608 2.093660
0.791878 0.128280 2.061311
0.938381 0.027969 2.135210
1.021390 -0.024434 2.178540
0.932043 0.410104 2.342895
0.939772 0.147776 2.391046
1.010627 -0.019178 2.186846
1.031599 -0.028481 2.180058
0.545161 -0.084390 2.221491
0.565822 -0.484543 2.283006
0.537234 -0.850287 2.335237
0.619023 -0.903273 2.301229
0.646959 -0.101428 2.296114
0.513158 -0.471144 2.485148
0.689544 -0.870967 2.549851
0.683918 -0.889953 2.401391
0.805797 0.440561 2.205154
1.084339 -0.063327 2.193914
1.031975 -0.065643 2.157625
1.076177 -0.056245 2.186758
1.089158 -0.038727 2.189081
