0.617738 -0.067934 2.178390
0.609482 0.234606 2.096909
0.596751 0.527091 2.005262
0.675015 0.635483 1.984980
0.544205 0.370463 1.936628
0.681785 0.180021 1.933185
0.822766 0.273269 2.038170
0.838351 0.309542 2.070300
0.824225 0.369073 2.220707
0.816346 0.256173 2.072943
0.863953 0.358727 2.263207
0.844419 0.395310 2.310638
0.562074 -0.068096 2.102257
0.577739 -0.449862 2.204701
0.573501 -0.833850 2.294158
0.653888 -0.882282 2.262315
0.654276 -0.065729 2.188100
0.544797 -0.417934 2.392487
0.488438 -0.743340 2.501302
0.541277 -0.786641 2.421601
0.600694 0.455395 2.030122
0.845612 0.352370 2.116624
0.817614 0.332211 2.097600
0.859672 0.386503 2.327201
0.868425 0.371248 2.309000
