-0.194304 -0.174217 1.799469
-0.190020 0.129747 1.746602
-0.184880 0.422283 1.680653
-0.173263 0.559325 1.627284
-0.356419 0.317554 1.709209
-0.415202 0.094223 1.749568
-0.403488 -0.140407 1.728546
-0.394684 -0.216036 1.735407
-0.010909 0.309146 1.697106
0.018550 0.127595 1.647123
-0.070457 0.310931 1.537078
-0.092666 0.357714 1.499751
-0.270577 -0.171701 1.764693
-0.249948 -0.520549 1.886395
-0.228101 -0.889539 2.002604
-0.249594 -0.972167 1.935748
-0.110659 -0.170095 1.765608
-0.016078 -0.542340 1.810179
0.095683 -0.906589 1.971241
0.150499 -0.961035 1.932009
-0.186351 0.350819 1.699306
-0.393115 -0.290647 1.730056
-0.343414 -0.195161 1.722659
-0.102997 0.401529 1.482241
-0.131028 0.399815 1.561286
