0.264470 -0.128767 2.159429
0.287176 0.197157 2.135180
0.306852 0.511877 2.100459
0.419142 0.596257 2.109651
0.193404 0.373675 1.981756
0.183658 0.137080 1.937410
0.245576 -0.086690 1.959639
0.253596 -0.170435 1.999044
0.438219 0.404202 2.260472
0.470624 0.269566 2.433010
0.573154 0.166281 2.602273
0.631207 0.163518 2.632720
0.209032 -0.124782 2.117300
0.194011 -0.517354 2.090641
0.089590 -0.898674 2.130616
0.097615 -0.955320 2.047352
0.311839 -0.128754 2.135040
0.177324 -0.482768 2.318909
0.296181 -0.812364 2.329733
0.310982 -0.861932 2.383529
0.302343 0.434700 2.110998
0.269109 -0.246516 2.018157
0.306412 -0.128501 2.025447
0.690222 0.137462 2.685252
0.613230 0.133110 2.636072
