0.174367 -0.129846 2.161180
0.216784 0.177490 2.094360
0.256486 0.475154 2.015088
0.353671 0.556271 1.995139
0.138519 0.343638 1.928958
0.158068 0.106268 1.923453
0.233220 -0.056978 1.970455
0.230310 -0.087058 2.010776
0.388122 0.367404 2.175088
0.334349 0.135171 2.160155
0.295015 -0.088399 2.089300
0.303977 -0.155198 2.098342
0.119615 -0.128517 2.075106
0.049917 -0.487726 2.068529
-0.099985 -0.880486 2.146913
-0.061121 -0.938362 2.073063
0.224176 -0.127605 2.177766
0.215203 -0.408812 2.302124
0.163509 -0.794608 2.389052
0.249111 -0.841508 2.374783
0.246967 0.402158 2.037072
0.260559 -0.125513 2.038541
0.188412 -0.112773 2.009125
0.327641 -0.224352 2.129452
0.322779 -0.146483 2.103125
