-0.091050 -0.205945 2.331647
0.012594 0.049880 2.174506
0.114055 0.298692 2.004400
0.212438 0.336324 1.945243
-0.029912 0.238831 1.973197
-0.096043 0.012110 1.979985
-0.091471 -0.218115 2.010345
-0.090477 -0.299412 2.039174
0.155182 0.140804 2.239368
0.016583 0.036050 2.245457
0.080838 -0.134303 2.149348
0.035082 -0.184030 2.125719
-0.136945 -0.187491 2.248507
-0.157139 -0.560108 2.286798
-0.243536 -0.879371 2.389333
-0.172150 -0.882676 2.313864
-0.042616 -0.218464 2.345714
0.047643 -0.607978 2.439149
0.092163 -0.803079 2.476864
0.177421 -0.843673 2.480226
0.089049 0.237554 2.049166
-0.092009 -0.375947 2.044779
-0.032343 -0.263717 2.080913
0.022168 -0.237358 2.108859
0.076510 -0.162721 2.116000
