0.359103 -0.126028 2.080309
0.372138 0.196910 2.037498
0.392484 0.505833 1.981470
0.499594 0.596114 1.980987
0.330394 0.348887 1.871266
0.396111 0.124951 1.810793
0.526543 0.011662 1.953959
0.581731 -0.040862 2.054937
0.498167 0.402882 2.155312
0.542133 0.194552 2.194105
0.657505 0.102766 2.302747
0.664313 0.105138 2.310394
0.307539 -0.115035 2.003100
0.285605 -0.472750 2.081034
0.140506 -0.873060 2.120034
0.216286 -0.932379 2.097399
0.399211 -0.133193 2.089191
0.454480 -0.471702 2.318376
0.434651 -0.797281 2.435608
0.511485 -0.806626 2.468364
0.387243 0.430211 1.996875
0.591573 -0.087950 2.089955
0.565421 -0.040883 2.080546
0.689153 0.100971 2.317130
0.677459 0.134955 2.308364
