-0.381675 -0.087332 2.119669
-0.387062 0.202276 2.068079
-0.389836 0.482091 2.004722
-0.380360 0.610506 1.919262
-0.555409 0.380542 2.022770
-0.589874 0.158560 2.082686
-0.590044 -0.075739 2.085853
-0.573049 -0.149581 2.091247
-0.219470 0.388026 2.031391
-0.169525 0.166317 2.087281
-0.148161 -0.059634 2.054265
-0.154374 -0.133730 2.044526
-0.451907 -0.089584 2.083434
-0.493961 -0.454744 2.153746
-0.528224 -0.807596 2.359695
-0.603900 -0.861519 2.346513
-0.298906 -0.082298 2.087719
-0.270132 -0.456475 2.194505
-0.240478 -0.819375 2.308430
-0.171800 -0.883168 2.269772
-0.389597 0.413553 2.022628
-0.568789 -0.228349 2.086718
-0.604503 -0.143400 2.090200
-0.147995 -0.209640 2.017482
-0.194019 -0.125844 2.042409
