-0.072274 -0.144502 1.992001
-0.093341 0.177740 1.905018
-0.113188 0.488698 1.805684
-0.122303 0.616145 1.783875
-0.021367 0.374629 1.705357
0.027288 0.141976 1.719666
0.111916 -0.061733 1.789023
0.116300 -0.083248 1.867215
0.015839 0.323400 1.752946
0.088221 0.102551 1.790725
0.131545 -0.111915 1.863605
0.134443 -0.173392 1.919978
-0.113440 -0.122983 2.002497
-0.080964 -0.552784 2.051054
-0.038418 -0.880473 1.918556
0.027571 -0.946264 1.914017
-0.048181 -0.148279 1.931999
0.019945 -0.502498 2.032947
0.027697 -0.894827 1.984290
0.044950 -0.946469 1.913656
-0.108417 0.412654 1.832599
0.134495 -0.166726 1.900944
0.152284 -0.061646 1.837569
0.148986 -0.250841 1.954277
0.152228 -0.150041 1.883900
