-0.351544 0.046584 2.609734
-0.353106 0.345468 2.524327
-0.352259 0.635538 2.427412
-0.366545 0.768092 2.419320
-0.517020 0.507094 2.447906
-0.626618 0.581595 2.618627
-0.689694 0.718497 2.781135
-0.689847 0.785664 2.831253
-0.245323 0.525959 2.442348
-0.161034 0.468927 2.567328
-0.259499 0.623759 2.695988
-0.289270 0.728842 2.791043
-0.424727 0.038886 2.572186
-0.491438 -0.260318 2.639504
-0.588542 -0.601595 2.311215
-0.532214 -0.514582 2.226483
-0.268753 0.053109 2.578860
-0.249845 -0.331885 2.685006
-0.243314 -0.719477 2.690958
-0.255933 -0.779764 2.623895
-0.352836 0.564334 2.453696
-0.725963 0.790957 2.863193
-0.676888 0.810689 2.826728
-0.308696 0.739526 2.796176
-0.305945 0.729149 2.771000
