0.201103 -0.186370 1.853007
0.134749 0.130062 1.773580
0.064663 0.434300 1.677951
0.050831 0.558253 1.647573
0.005861 0.282697 1.595113
0.194352 0.200528 1.484606
0.268982 0.405774 1.552039
0.253030 0.474537 1.577764
0.205788 0.388066 1.854584
0.414418 0.327823 1.856324
0.315921 0.334280 1.634513
0.256629 0.342351 1.505362
0.136121 -0.184959 1.796879
0.141478 -0.512757 1.890220
0.082133 -0.898807 2.046937
0.140070 -0.962761 1.988274
0.258542 -0.182971 1.848988
0.326990 -0.550457 2.032975
0.399917 -0.866323 2.151820
0.478159 -0.913188 2.148675
0.082248 0.359906 1.704322
0.268480 0.545766 1.608771
0.227793 0.442156 1.633300
0.248503 0.314032 1.465485
0.299319 0.313651 1.485813
