-0.092080 -0.113273 2.131479
-0.214663 0.155053 2.033222
-0.340876 0.403054 1.919349
-0.464274 0.465378 1.859328
-0.448478 0.266531 2.076775
-0.579970 0.091260 2.143058
-0.746508 -0.053957 2.169735
-0.825570 -0.088663 2.178522
-0.145504 0.362234 1.886248
0.037251 0.212467 1.903902
0.146487 0.006008 1.921324
0.176229 -0.050900 1.937027
-0.147709 -0.133130 2.132336
-0.134506 -0.498298 2.256539
-0.158918 -0.842818 2.306499
-0.190836 -0.904007 2.204958
-0.032541 -0.089453 2.062023
0.110530 -0.461006 2.124393
0.201326 -0.806167 2.257044
0.146046 -0.887520 2.224895
-0.309476 0.342558 1.950173
-0.894789 -0.138085 2.225364
-0.874378 -0.094073 2.144933
0.208711 -0.105873 1.935658
0.140704 -0.069007 1.946470
