0.166830 -0.142946 1.889637
0.165958 0.151530 1.839729
0.163776 0.435268 1.776913
0.193651 0.559094 1.693562
0.012404 0.340833 1.771310
-0.080486 0.120579 1.756669
-0.112004 -0.106303 1.711864
-0.113329 -0.178859 1.701980
0.350241 0.338030 1.869360
0.431151 0.130825 1.934299
0.504359 -0.072242 1.948364
0.534745 -0.143759 1.950571
0.089521 -0.137871 1.839964
0.024441 -0.520362 1.919321
-0.054752 -0.899129 2.049378
-0.083973 -0.961252 1.970673
0.237968 -0.142790 1.870283
0.246352 -0.496654 2.009099
0.265861 -0.854555 2.202274
0.311725 -0.922003 2.154825
0.164538 0.365891 1.794779
-0.115843 -0.257348 1.687493
-0.145973 -0.160904 1.720600
0.573854 -0.206833 1.956792
0.480979 -0.121535 1.960334
