-0.367154 -0.086508 2.388594
-0.350907 0.226887 2.270164
-0.334291 0.532190 2.139393
-0.339773 0.678083 2.134028
-0.484077 0.428474 2.179099
-0.650108 0.418671 2.397827
-0.641506 0.640062 2.572843
-0.620942 0.668141 2.589813
-0.209308 0.347903 2.134194
-0.125468 0.140011 2.192015
-0.241595 0.012330 2.309496
-0.252789 -0.064165 2.268784
-0.438638 -0.071337 2.371319
-0.575358 -0.439295 2.377087
-0.739024 -0.711482 2.231789
-0.748263 -0.760330 2.131948
-0.284467 -0.099057 2.333674
-0.266318 -0.495967 2.434690
-0.271922 -0.852183 2.315860
-0.287978 -0.899122 2.215155
-0.338623 0.457178 2.174230
-0.602965 0.751292 2.630461
-0.585697 0.642586 2.564231
-0.205187 -0.104558 2.337295
-0.278630 -0.086808 2.239715
