-0.232776 -0.090594 2.300431
-0.183560 0.232072 2.214962
-0.129589 0.550589 2.123041
-0.013260 0.642311 2.150603
-0.212618 0.398404 2.026267
-0.140745 0.125954 2.008688
-0.026256 0.104722 2.178287
-0.020057 0.149727 2.216206
-0.028057 0.332377 2.075372
-0.119306 0.107006 2.029166
-0.094952 0.235075 2.276562
-0.017274 0.210599 2.319629
-0.297761 -0.102823 2.208636
-0.324945 -0.266050 2.445112
-0.579374 -0.652829 2.362603
-0.587062 -0.566898 2.258162
-0.157181 -0.079151 2.313447
-0.270423 -0.469418 2.363217
-0.266285 -0.814269 2.413956
-0.189698 -0.859683 2.431840
-0.143399 0.472087 2.147903
-0.002974 0.162372 2.263325
-0.014807 0.128327 2.205375
-0.026800 0.218996 2.325300
-0.053531 0.234652 2.324382
