-0.476956 -0.138796 2.074853
-0.515317 0.151927 1.985228
-0.543849 0.428902 1.885369
-0.637688 0.512481 1.851768
-0.625883 0.362339 2.058195
-0.661600 0.161636 2.161264
-0.632003 -0.048447 2.250669
-0.673379 -0.112431 2.296089
-0.394466 0.337381 1.839712
-0.306815 0.114327 1.829461
-0.305387 -0.118236 1.852009
-0.313192 -0.173128 1.872048
-0.528770 -0.137914 2.081964
-0.453993 -0.485139 2.126939
-0.406158 -0.842616 2.198243
-0.481251 -0.886745 2.208114
-0.409249 -0.134480 2.000906
-0.371167 -0.460185 2.046550
-0.167401 -0.716083 2.329386
-0.221148 -0.762911 2.250040
-0.537704 0.361587 1.913130
-0.679381 -0.159157 2.297053
-0.657536 -0.093615 2.261081
-0.326755 -0.247573 1.888910
-0.348338 -0.137743 1.868500
