-0.393314 -0.403938 2.335504
-0.433756 -0.140247 2.403808
-0.472742 0.116571 2.459586
-0.440931 0.249058 2.401249
-0.609899 0.051451 2.420713
-0.619819 -0.144510 2.281562
-0.529807 -0.305793 2.160283
-0.503337 -0.344571 2.147977
-0.312601 0.038891 2.477924
-0.287326 -0.158932 2.389394
-0.318838 -0.309438 2.234827
-0.312713 -0.372302 2.211480
-0.445677 -0.414538 2.279880
-0.479657 -0.100467 2.142389
-0.427674 -0.576920 2.130642
-0.404610 -0.636929 2.038823
-0.329886 -0.381794 2.323687
-0.402931 -0.693112 2.210561
-0.366301 -0.909487 2.153269
-0.344010 -0.948613 2.054182
-0.462854 0.053409 2.447717
-0.464688 -0.405793 2.108738
-0.465119 -0.311673 2.132767
-0.271734 -0.436967 2.174724
-0.276845 -0.395284 2.212000
