0.649887 -0.259286 1.694946
0.751452 0.077378 1.637532
0.842478 0.401229 1.569386
0.915421 0.414702 1.490204
0.729168 0.229820 1.467781
0.719833 -0.007772 1.429694
0.812974 -0.204808 1.498025
0.849509 -0.255017 1.538251
0.999242 0.249868 1.747384
1.056935 0.051819 1.843422
1.171235 -0.059583 1.887643
1.196319 -0.015205 1.863185
0.595509 -0.237581 1.620177
0.607612 -0.563973 1.664380
0.536353 -0.923136 1.771995
0.586067 -0.988597 1.768336
0.679651 -0.271098 1.705625
0.563823 -0.571161 1.905900
0.515013 -0.903050 2.068955
0.582286 -0.942484 1.984599
0.821168 0.321995 1.588022
0.921513 -0.299239 1.591484
0.824979 -0.277365 1.558143
1.241616 -0.004660 1.838328
1.194563 0.012207 1.832857
