0.014420 -0.147030 2.160145
0.262714 0.029684 2.105207
0.494984 0.203539 2.033033
0.454723 0.136046 1.988270
0.315296 0.189578 1.989093
0.416312 -0.014617 1.912307
0.546600 -0.203772 1.863075
0.597213 -0.266392 1.841431
0.484262 0.056015 2.329102
0.569481 -0.110886 2.410472
0.575133 -0.171532 2.175801
0.594823 -0.191539 2.092624
-0.015161 -0.117021 2.106323
0.107939 -0.530153 2.153727
0.073949 -0.875288 2.195397
0.164583 -0.916411 2.168806
0.043400 -0.172099 2.145630
0.216013 -0.401167 2.327366
0.180512 -0.868136 2.401501
0.256184 -0.859789 2.441953
0.439929 0.159761 2.054750
0.656435 -0.320784 1.830763
0.576558 -0.203145 1.816857
0.639558 -0.242096 2.049411
0.629534 -0.244437 2.034780
