-0.315782 -0.132401 1.908098
-0.295645 0.188414 1.867269
-0.273504 0.496600 1.818640
-0.244512 0.627605 1.813029
-0.342861 0.306202 1.772179
-0.225470 0.104017 1.704729
-0.175751 -0.125437 1.712939
-0.186992 -0.178281 1.722764
-0.195957 0.316798 1.694789
-0.188170 0.077826 1.689005
-0.184159 -0.153582 1.718674
-0.191868 -0.222164 1.740493
-0.377334 -0.141936 1.839541
-0.344290 -0.525878 1.941029
-0.478652 -0.918649 1.951705
-0.512806 -0.956913 1.857898
-0.239165 -0.116154 1.911211
-0.285661 -0.453212 1.947686
-0.365951 -0.865042 1.997358
-0.380539 -0.919119 2.046590
-0.279582 0.421290 1.832619
-0.181607 -0.259930 1.737292
-0.161025 -0.129888 1.689625
-0.197396 -0.301128 1.747821
-0.159336 -0.208159 1.747357
