-0.200293 -0.018503 2.289296
-0.234718 0.273079 2.194412
-0.267548 0.555274 2.087156
-0.352304 0.660161 2.042876
-0.377050 0.439540 2.227284
-0.359016 0.206849 2.303318
-0.336925 -0.005685 2.281135
-0.317834 -0.063854 2.277664
-0.134625 0.446666 2.044236
-0.034973 0.181419 2.062018
-0.055411 -0.028320 2.088497
-0.068672 -0.093013 2.108485
-0.243285 -0.022004 2.287501
-0.221520 -0.362058 2.392085
-0.209801 -0.703015 2.462146
-0.264102 -0.777790 2.411533
-0.151050 -0.014408 2.219153
-0.025293 -0.358840 2.282621
0.078751 -0.680504 2.503386
0.108076 -0.759239 2.446076
-0.259670 0.486153 2.116139
-0.302168 -0.139045 2.278634
-0.290819 -0.050558 2.229608
-0.071076 -0.165009 2.115992
-0.102375 -0.104777 2.086818
