0.023848 -0.008354 2.323828
0.017685 0.341252 2.275276
0.010743 0.679801 2.221267
-0.035971 0.801133 2.268523
-0.072228 0.468653 2.119547
-0.132571 0.219793 2.160276
0.104189 0.220110 1.984140
0.142863 0.165908 1.999587
0.113182 0.505240 2.180664
0.231219 0.287531 2.317652
0.145796 0.020489 2.258384
0.129420 -0.030904 2.250246
-0.036240 -0.012278 2.267287
-0.087579 -0.351201 2.410341
-0.093808 -0.711705 2.550676
-0.063397 -0.756269 2.451136
0.083103 -0.004091 2.308313
0.126086 -0.354983 2.401282
0.118477 -0.714880 2.480231
0.081582 -0.772012 2.457596
0.012509 0.596870 2.236931
0.151895 0.173895 1.985049
0.147691 0.178218 1.973424
0.114714 -0.072388 2.279534
0.086061 -0.034274 2.201715
