0.535427 0.012374 2.330666
0.663519 0.312777 2.233831
0.766022 0.613455 2.144790
0.855141 0.704024 2.143294
0.653651 0.455931 2.079243
0.846420 0.250147 2.125064
1.013205 0.180801 2.219221
1.095745 0.164511 2.266618
0.857919 0.423350 2.308327
0.990400 0.177947 2.214934
1.158318 0.114528 2.309700
1.169166 0.120680 2.298324
0.491848 0.020243 2.261895
0.589965 -0.342958 2.308726
0.600387 -0.721317 2.388517
0.670478 -0.778870 2.358686
0.562671 0.004334 2.329072
0.527916 -0.268465 2.471143
0.556983 -0.724856 2.440512
0.645009 -0.753242 2.417830
0.740624 0.540017 2.169501
1.158140 0.124035 2.287839
1.079644 0.121586 2.250190
1.188589 0.128874 2.313712
1.154134 0.105945 2.274364
