0.605027 0.001096 2.263535
0.668843 0.318608 2.195096
0.726856 0.625943 2.115199
0.811635 0.720928 2.114553
0.647611 0.458937 2.037961
0.745558 0.239292 2.048473
0.947351 0.238685 2.236582
0.989378 0.238177 2.287834
0.818889 0.435692 2.278782
0.883231 0.155773 2.288154
1.082496 0.180082 2.332946
1.033443 0.224572 2.307119
0.562517 0.006218 2.194235
0.596144 -0.342990 2.297442
0.600583 -0.723113 2.389701
0.671212 -0.780084 2.357453
0.628773 -0.003976 2.263003
0.536387 -0.264601 2.451412
0.531518 -0.674074 2.546023
0.612684 -0.713901 2.489099
0.713450 0.550608 2.137153
1.037483 0.235953 2.304683
0.965697 0.277288 2.254818
1.041331 0.234164 2.304629
1.034453 0.233080 2.294000
