-0.401056 0.103146 2.653814
-0.398741 0.401795 2.543939
-0.395394 0.692115 2.422488
-0.427791 0.809844 2.425735
-0.560076 0.629388 2.477461
-0.675890 0.747452 2.623621
-0.681739 0.950261 2.723316
-0.687821 0.982547 2.727828
-0.325660 0.569202 2.423806
-0.204165 0.342032 2.475856
-0.176570 0.166631 2.584320
-0.208551 0.156575 2.589246
-0.453314 0.101726 2.639809
-0.486320 -0.286377 2.690406
-0.390099 -0.504012 2.360690
-0.327720 -0.412214 2.344810
-0.338685 0.102354 2.597114
-0.305714 -0.303151 2.670973
-0.266490 -0.673767 2.720809
-0.302205 -0.730718 2.693655
-0.396537 0.620782 2.454989
-0.670766 1.027844 2.770061
-0.673113 1.002821 2.709167
-0.196711 0.096651 2.651947
-0.240193 0.121820 2.532301
