-0.013446 -0.021691 2.226456
0.016613 0.316385 2.184249
0.045739 0.642636 2.130484
0.120300 0.740995 2.144439
-0.041726 0.475418 2.071845
0.176199 0.307671 2.002589
0.032638 0.059349 2.044801
0.033714 0.017866 2.086390
0.115475 0.553896 2.293707
0.167616 0.321122 2.108448
0.156126 0.068457 1.954241
0.153338 -0.010020 1.926510
-0.049064 -0.021825 2.202765
-0.013253 -0.378970 2.301427
0.017314 -0.716281 2.319419
0.066007 -0.773864 2.346692
0.022631 -0.020839 2.178065
0.022243 -0.385509 2.248288
0.015969 -0.769072 2.334426
0.079943 -0.780891 2.378980
0.038626 0.562766 2.145968
0.028465 -0.055633 2.083586
-0.028616 0.046677 2.054464
0.154613 -0.053688 1.849853
0.151490 -0.009899 1.903291
