-0.062498 -0.088964 2.277757
-0.099302 0.234460 2.166945
-0.139876 0.546847 2.045338
-0.220522 0.643852 2.068099
-0.225657 0.326585 1.904635
-0.208251 0.227551 2.158124
-0.299942 0.048634 2.220609
-0.330865 -0.010563 2.245312
-0.038821 0.408728 1.964027
0.004593 0.127049 1.943156
-0.018137 -0.083760 1.967097
-0.038735 -0.136623 1.984223
-0.120707 -0.097521 2.263251
-0.127579 -0.401317 2.400017
-0.173673 -0.730683 2.461852
-0.256875 -0.772416 2.455077
-0.002977 -0.077956 2.220178
0.020352 -0.387354 2.286006
0.146382 -0.735948 2.380989
0.082584 -0.803809 2.334053
-0.129532 0.470228 2.077358
-0.385125 -0.025898 2.208856
-0.342976 0.017746 2.205359
-0.054668 -0.192026 2.028288
0.012587 -0.108762 2.036500
