-0.552521 -0.064644 2.108001
-0.577798 0.260953 2.051819
-0.598994 0.574893 1.983095
-0.612145 0.695642 1.983784
-0.711017 0.342040 1.835678
-0.518237 0.333715 2.041576
-0.339892 0.271239 2.250947
-0.358844 0.213190 2.258489
-0.503664 0.423027 1.904757
-0.605141 0.366762 1.710011
-0.722739 0.537321 1.730393
-0.730932 0.595036 1.780193
-0.608896 -0.070587 2.069851
-0.637767 -0.404881 2.316451
-0.562290 -0.754793 2.418784
-0.615633 -0.820485 2.395490
-0.477548 -0.056883 2.075122
-0.493627 -0.386730 2.107283
-0.428461 -0.793936 2.220489
-0.466756 -0.870117 2.156887
-0.594535 0.498064 2.002304
-0.355765 0.210495 2.250551
-0.355395 0.212175 2.240690
-0.758366 0.651634 1.817352
-0.706343 0.589521 1.816666
