-0.510178 -0.113337 2.163940
-0.624610 0.216989 2.105804
-0.734241 0.535020 2.037138
-0.801729 0.644952 2.044748
-0.813808 0.314645 1.877103
-0.890227 0.103886 1.977005
-0.866271 -0.076475 2.079720
-0.910317 -0.094431 2.058528
-0.606660 0.381380 1.966902
-0.708950 0.108838 1.977838
-0.869409 -0.067361 2.047857
-0.928516 -0.084427 2.058101
-0.559812 -0.127781 2.157384
-0.560689 -0.493147 2.365990
-0.559751 -0.822110 2.425380
-0.627156 -0.816944 2.407303
-0.443515 -0.095032 2.100446
-0.473340 -0.435177 2.168782
-0.430775 -0.798223 2.225421
-0.467182 -0.872308 2.153645
-0.707991 0.457040 2.056411
-0.947802 -0.125592 2.071305
-0.869867 -0.098993 2.051514
-0.997413 -0.126499 2.085477
-0.888280 -0.107890 2.057492
