-0.339363 -0.036967 2.283840
-0.377008 0.250606 2.177918
-0.414044 0.529782 2.057417
-0.487739 0.611312 1.995662
-0.540522 0.425231 2.231838
-0.540845 0.231995 2.326205
-0.501192 0.031403 2.247466
-0.449645 0.005993 2.235380
-0.261378 0.435903 2.043901
-0.146310 0.207201 2.069675
-0.165841 -0.010636 2.081242
-0.189276 -0.087287 2.098560
-0.384691 -0.039585 2.277093
-0.349438 -0.423835 2.396127
-0.299724 -0.751739 2.445919
-0.351368 -0.808761 2.389660
-0.283554 -0.033275 2.218791
-0.202463 -0.437624 2.258421
-0.188133 -0.757001 2.351762
-0.196244 -0.828529 2.269517
-0.405125 0.461422 2.089980
-0.439694 -0.069306 2.232431
-0.421276 0.026491 2.179316
-0.196502 -0.157686 2.096572
-0.159104 -0.117914 2.098278
