0.145034 0.049899 2.450471
0.176640 0.356056 2.378452
0.204611 0.651111 2.292635
0.258677 0.774333 2.287708
0.077843 0.523883 2.224388
-0.047036 0.291466 2.198026
-0.028220 0.076903 2.196930
-0.007216 0.043039 2.222499
0.307893 0.524903 2.426426
0.365005 0.334595 2.558232
0.478340 0.153080 2.538705
0.529402 0.103834 2.522140
0.097606 0.052583 2.372399
0.008428 -0.323064 2.380310
-0.053923 -0.715985 2.483576
-0.055262 -0.783936 2.406199
0.189057 0.045840 2.454943
0.160531 -0.308366 2.596024
0.132462 -0.641162 2.682081
0.190250 -0.707186 2.651719
0.198110 0.578909 2.316295
0.021009 -0.022985 2.243510
-0.041793 0.023263 2.180900
0.571909 0.057675 2.531033
0.516379 0.089156 2.527143
