0.581829 0.040459 2.307699
0.660960 0.349808 2.239729
0.736252 0.652202 2.158230
0.819596 0.758941 2.184752
0.660528 0.492696 2.048222
0.623872 0.239337 1.988407
0.698700 0.047613 2.035622
0.719600 0.001966 2.055172
0.914439 0.506267 2.368139
1.000812 0.695138 2.312240
0.812291 0.583767 2.306655
0.750933 0.547676 2.308275
0.542503 0.048580 2.241764
0.611416 -0.353856 2.301760
0.599583 -0.725097 2.398376
0.669555 -0.782485 2.361449
0.603977 0.031395 2.302846
0.549613 -0.342694 2.474254
0.524154 -0.721442 2.639454
0.587302 -0.746665 2.537694
0.719121 0.577872 2.179700
0.766735 -0.053423 2.095377
0.746220 0.014658 2.043276
0.749375 0.543134 2.302902
0.758433 0.541458 2.304106
