0.569088 0.016945 2.291178
0.587645 0.313850 2.184664
0.601251 0.601086 2.069758
0.671191 0.704535 2.050657
0.491617 0.463973 2.020214
0.452111 0.198837 2.020100
0.517231 -0.002396 2.043304
0.515892 -0.031099 2.082197
0.780057 0.455034 2.279564
0.641377 0.294356 2.466845
0.643353 0.079438 2.462269
0.644992 0.008250 2.464512
0.514963 0.019617 2.228549
0.558316 -0.348991 2.280806
0.583077 -0.719007 2.390862
0.655191 -0.774693 2.353917
0.606076 0.013965 2.284523
0.718465 -0.308078 2.482005
0.510582 -0.678250 2.602428
0.507560 -0.743772 2.550577
0.598750 0.530800 2.100343
0.538924 -0.082384 2.105365
0.478220 -0.016895 2.119333
0.643725 -0.017126 2.446550
0.630109 0.006848 2.439123
