0.224395 -0.009785 2.307790
0.197425 0.308608 2.241307
0.169386 0.615789 2.162018
0.085044 0.705851 2.163620
0.098600 0.484848 2.327427
0.120540 0.268179 2.326652
0.039169 0.456358 2.257623
0.012244 0.519538 2.238493
0.249221 0.460159 2.060077
0.219055 0.234048 2.058522
0.104053 0.119154 2.187017
0.109947 0.081848 2.218570
0.182615 -0.009490 2.302476
0.186051 -0.267507 2.486447
0.350844 -0.687388 2.548404
0.335421 -0.753863 2.508808
0.251304 -0.010089 2.232044
0.215558 -0.336703 2.228441
0.180181 -0.758730 2.303771
0.123964 -0.815844 2.225506
0.176541 0.540580 2.184029
0.011933 0.522784 2.225639
0.009561 0.519391 2.206988
0.092043 0.033674 2.267172
0.076909 0.134936 2.192333
