0.040879 0.001001 2.217614
0.061673 0.318994 2.138638
0.081868 0.625568 2.046687
0.149991 0.731815 2.063891
0.039364 0.462408 1.985100
0.180455 0.238804 2.002019
0.146668 0.066745 2.114389
0.116578 -0.002246 2.076497
0.177712 0.550094 2.220578
0.178232 0.281605 2.286364
0.221499 0.035526 2.128034
0.176788 -0.005309 2.109043
0.013147 -0.005848 2.160156
-0.078849 -0.365896 2.362230
-0.114666 -0.692845 2.424193
-0.015011 -0.716408 2.386306
0.067343 0.007829 2.202925
0.070887 -0.410066 2.289463
0.131007 -0.752336 2.351485
0.208055 -0.774608 2.376545
0.076948 0.550604 2.071842
0.111094 -0.057679 2.097494
0.065946 0.015885 2.035480
0.175999 -0.016731 2.099637
0.174773 -0.002401 2.085000
