0.232761 0.055281 2.369840
0.251434 0.360708 2.315809
0.270033 0.656095 2.253609
0.336780 0.764063 2.260697
0.159360 0.521826 2.167698
0.055204 0.276956 2.121943
0.075083 0.062211 2.109668
0.075196 0.034290 2.144282
0.364978 0.580965 2.427316
0.433135 0.397427 2.591418
0.570426 0.330958 2.726932
0.633122 0.332609 2.759336
0.191873 0.055909 2.284466
0.157071 -0.334441 2.324690
0.155368 -0.732449 2.398829
0.231245 -0.789964 2.372679
0.266583 0.053952 2.384034
0.283945 -0.247791 2.545106
0.248771 -0.694155 2.626302
0.312850 -0.748890 2.607737
0.265554 0.583914 2.270964
0.073747 -0.010319 2.154398
0.121653 0.058989 2.166875
0.680438 0.325279 2.785059
0.633383 0.310561 2.775667
