-0.043608 0.022409 2.387025
-0.044137 0.310991 2.313931
-0.044873 0.589176 2.229563
-0.057439 0.701048 2.160354
-0.196769 0.494227 2.236326
-0.207595 0.263760 2.246071
-0.107757 0.074772 2.207344
-0.055862 0.027560 2.218132
0.102787 0.503144 2.263069
0.137949 0.286212 2.286938
0.073459 0.087761 2.222840
0.040997 0.052458 2.217469
-0.104215 0.021222 2.342324
-0.197474 -0.353275 2.370414
-0.254311 -0.722206 2.428440
-0.308182 -0.792921 2.364105
0.018206 0.022932 2.358696
0.052496 -0.310490 2.489497
0.032999 -0.643923 2.648293
0.061048 -0.729083 2.593124
-0.044695 0.521164 2.252666
-0.007812 -0.023567 2.218174
-0.078996 -0.000991 2.199842
0.019361 0.013591 2.209299
0.019631 0.066311 2.185395
