0.495863 -0.028165 2.144463
0.551019 0.278114 2.058063
0.596896 0.571375 1.947635
0.672284 0.674954 1.942041
0.493302 0.420343 1.880511
0.495006 0.162076 1.871349
0.642656 0.034801 1.943162
0.712268 0.010447 1.981615
0.713694 0.437338 2.108864
0.805523 0.225156 2.163353
0.928990 0.052725 2.141580
0.975851 -0.000119 2.142605
0.446978 -0.021895 2.068718
0.564962 -0.368100 2.148660
0.628147 -0.772201 2.248404
0.707215 -0.814994 2.206191
0.528203 -0.033371 2.150525
0.562433 -0.424059 2.171795
0.396132 -0.710471 2.470283
0.472213 -0.762515 2.437156
0.585548 0.499830 1.977869
0.764986 -0.020950 2.020722
0.729618 -0.031427 1.990800
1.035082 -0.029700 2.156878
0.978147 0.029692 2.115063
