0.121375 -0.071750 2.179708
0.083702 0.255937 2.105845
0.046156 0.571471 2.019687
-0.033536 0.680187 2.028180
-0.040549 0.445383 2.208508
-0.023497 0.203854 2.184021
-0.116035 0.010709 2.190093
-0.121499 0.030930 2.214689
0.096547 0.407420 1.923938
0.050611 0.161431 1.928827
-0.038987 0.050440 2.096671
-0.094421 0.058761 2.168840
0.093540 -0.065168 2.172250
0.093064 -0.434297 2.278379
0.298999 -0.710585 2.495869
0.216334 -0.767376 2.475106
0.146333 -0.075641 2.115453
0.009203 -0.426396 2.198309
-0.041869 -0.779935 2.267442
-0.107164 -0.845897 2.213769
0.055768 0.494438 2.043444
-0.143839 0.012589 2.224149
-0.138260 0.046572 2.184125
-0.138115 0.022700 2.216333
-0.085261 0.104362 2.144143
