-0.156573 -0.036176 2.208979
-0.099016 0.294757 2.129115
-0.040443 0.615530 2.038629
0.049014 0.691327 2.046068
-0.122789 0.451020 1.987590
0.067781 0.226296 1.985752
0.047903 0.035000 2.070004
0.042083 -0.007470 2.106817
0.024717 0.528395 2.207800
0.039630 0.237694 2.238105
0.080041 0.026823 2.214155
0.093581 -0.043059 2.210056
-0.176074 -0.033625 2.166954
-0.201607 -0.444081 2.294706
-0.224189 -0.774463 2.217809
-0.193323 -0.809835 2.238792
-0.113047 -0.044726 2.182163
-0.065221 -0.433931 2.273934
-0.298730 -0.677972 2.257601
-0.249162 -0.751165 2.181905
-0.055082 0.536804 2.063161
0.057354 -0.081754 2.154164
0.029876 -0.019341 2.065467
0.095768 -0.045866 2.205212
0.092596 -0.042606 2.186799
