-0.440660 -0.274672 2.608385
-0.434659 -0.032636 2.472737
-0.426343 0.205780 2.324900
-0.415217 0.278224 2.307101
-0.579206 0.099599 2.387273
-0.658208 -0.101785 2.506943
-0.550514 -0.266386 2.401168
-0.514522 -0.303649 2.365805
-0.294499 0.129030 2.460514
-0.227488 -0.018290 2.624015
-0.287446 0.057229 2.376817
-0.327075 0.118063 2.393165
-0.507331 -0.279312 2.560340
-0.470136 -0.470577 2.194182
-0.454770 -0.853544 2.101842
-0.449803 -0.909564 2.015117
-0.362212 -0.262402 2.586663
-0.168900 -0.411126 2.294235
-0.067924 -0.794902 2.281438
-0.004762 -0.841438 2.224959
-0.428846 0.147028 2.364004
-0.466580 -0.362756 2.323936
-0.545707 -0.309701 2.316875
-0.357179 0.179619 2.344218
-0.271691 0.161022 2.391357
