0.086159 -0.062676 2.051008
0.068636 0.224859 1.930148
0.050466 0.501243 1.795167
0.103341 0.623539 1.753668
-0.058178 0.365921 1.754057
-0.184124 0.139198 1.780726
-0.135862 -0.052592 1.850794
-0.134242 -0.047496 1.861118
0.157072 0.427898 1.915826
0.196625 0.247908 2.122195
0.236140 0.056149 2.195715
0.236754 0.007014 2.164817
0.035783 -0.068011 1.988114
0.026061 -0.425195 2.049794
0.088342 -0.818869 2.166924
0.129015 -0.872782 2.093053
0.133586 -0.054937 2.041510
0.181316 -0.343730 2.183098
-0.033116 -0.689590 2.380005
-0.035422 -0.759647 2.365910
0.055072 0.433816 1.831186
-0.107024 -0.106494 1.908190
-0.076785 -0.010191 1.888219
0.237572 -0.014288 2.166402
0.243066 0.009971 2.156500
