-0.387158 -0.083082 2.204540
-0.482460 0.206077 2.069552
-0.573165 0.484006 1.921790
-0.663665 0.559882 1.909095
-0.671439 0.362873 2.059448
-0.612058 0.144561 2.173719
-0.725753 -0.028616 2.013295
-0.777566 -0.157295 1.940725
-0.440256 0.339578 1.884704
-0.568804 0.115636 1.844829
-0.723285 -0.071458 1.888098
-0.763712 -0.115457 1.911278
-0.424583 -0.085265 2.197373
-0.373708 -0.468142 2.322536
-0.405926 -0.788771 2.335208
-0.449140 -0.851398 2.296569
-0.338579 -0.076718 2.142464
-0.198890 -0.465195 2.193120
-0.102302 -0.778311 2.328075
-0.073316 -0.831015 2.240298
-0.551422 0.416005 1.960820
-0.788423 -0.167742 1.928225
-0.779662 -0.169405 1.932333
-0.802781 -0.178344 1.937794
-0.735656 -0.119938 1.926000
