0.372682 -0.076319 1.917534
0.391656 0.206113 1.809395
0.411657 0.470478 1.689756
0.414553 0.594056 1.626026
0.257964 0.416862 1.776471
0.198281 0.175837 1.884156
0.163793 -0.034902 1.882227
0.187751 -0.065650 1.895496
0.552085 0.352125 1.692364
0.590962 0.124826 1.766464
0.541236 -0.080691 1.788958
0.513563 -0.127770 1.797609
0.304344 -0.066879 1.896639
0.238295 -0.466537 1.980202
0.220037 -0.844248 2.031409
0.190232 -0.901612 1.944386
0.427755 -0.081223 1.871702
0.461663 -0.425001 1.980305
0.460427 -0.803255 2.121013
0.451363 -0.869230 2.054233
0.407122 0.406559 1.721655
0.185349 -0.111444 1.896511
0.210030 -0.046259 1.859500
0.487313 -0.211942 1.811409
0.544841 -0.135646 1.803750
