-0.417396 -0.081874 2.120271
-0.547535 0.249209 2.112981
-0.669565 0.568945 2.091466
-0.752622 0.614241 2.051866
-0.757339 0.505166 2.258363
-0.734587 0.213725 2.262397
-0.851206 0.217366 2.042894
-0.869632 0.242463 2.033273
-0.471504 0.347613 1.974865
-0.733662 0.285440 1.983835
-0.904736 0.206524 2.063357
-0.913223 0.191196 2.091982
-0.445696 -0.082088 2.112681
-0.285003 -0.443929 2.287911
-0.430828 -0.762892 2.382397
-0.483268 -0.808917 2.311875
-0.375114 -0.078988 2.055732
-0.346820 -0.455519 2.100180
-0.293433 -0.810088 2.199758
-0.331962 -0.878423 2.125383
-0.640188 0.490596 2.099199
-0.863493 0.260203 2.009702
-0.834007 0.271719 1.987200
-0.973927 0.158211 2.134641
-0.880600 0.179233 2.104866
