-0.480201 -0.072019 2.167936
-0.580881 0.265549 2.137682
-0.675868 0.592337 2.097846
-0.771924 0.671068 2.092471
-0.763634 0.528493 2.264784
-0.790543 0.317367 2.053033
-0.953134 0.134772 2.188752
-1.003745 0.099665 2.227193
-0.506464 0.381208 1.984745
-0.762538 0.299658 1.988185
-0.907704 0.190919 2.082238
-0.934675 0.184149 2.112816
-0.509007 -0.073249 2.163011
-0.582317 -0.350953 2.280925
-0.482256 -0.776104 2.407123
-0.536282 -0.821082 2.338574
-0.435992 -0.067974 2.103104
-0.368750 -0.450728 2.115513
-0.295256 -0.807672 2.202317
-0.331585 -0.877176 2.130313
-0.652940 0.512171 2.109585
-0.996367 0.056595 2.262403
-0.941060 0.043136 2.235938
-0.994157 0.156008 2.157622
-0.895803 0.182530 2.123485
