0.534179 -0.012534 2.174921
0.539527 0.290803 2.085266
0.544654 0.582845 1.984239
0.617585 0.690247 1.965718
0.416654 0.456460 1.935576
0.351047 0.193654 1.941662
0.397226 -0.014276 1.952123
0.398208 -0.042666 1.979004
0.651076 0.452584 2.102944
0.714050 0.248570 2.241343
0.666654 0.037687 2.208875
0.647578 -0.020411 2.200366
0.479000 -0.015056 2.105265
0.405863 -0.393289 2.125576
0.404353 -0.765810 2.225753
0.436466 -0.837760 2.160904
0.571938 -0.009393 2.175166
0.581537 -0.359606 2.320479
0.533903 -0.732744 2.399588
0.577292 -0.792688 2.341825
0.543738 0.511505 2.011672
0.408157 -0.082146 1.990796
0.424564 -0.037526 1.965792
0.634965 -0.092292 2.176321
0.616626 -0.009870 2.152727
