0.132066 -0.021708 2.208978
0.120530 0.258859 2.117198
0.107665 0.529659 2.013008
0.042813 0.637085 1.959083
0.002497 0.446735 2.139545
0.012732 0.214580 2.245202
0.018414 0.000592 2.243141
0.021009 -0.002043 2.233119
0.210842 0.423687 1.950305
0.265110 0.162163 1.944399
0.208212 -0.051767 1.972414
0.175424 -0.119959 1.989357
0.082209 -0.016869 2.211897
0.071928 -0.301418 2.339558
0.234691 -0.709445 2.454422
0.268538 -0.775811 2.403750
0.177566 -0.026112 2.133328
0.151829 -0.434431 2.100946
0.114920 -0.798751 2.172359
0.069867 -0.858354 2.084773
0.110996 0.463449 2.041296
0.037813 -0.080983 2.213353
0.040897 -0.012890 2.178947
0.142831 -0.187450 1.992855
0.139605 -0.087190 1.973029
