-0.093912 -0.086116 2.007101
-0.110436 0.250888 1.944746
-0.127185 0.574918 1.869406
-0.106014 0.695147 1.872990
-0.245139 0.410404 1.830137
-0.013092 0.226867 1.806090
0.090095 0.029949 1.904628
0.077398 -0.017995 1.953099
-0.077506 0.442539 2.027247
-0.316233 0.274756 1.983799
-0.288579 0.077829 2.055561
-0.323793 0.020319 2.016623
-0.134253 -0.087109 1.978777
-0.163634 -0.468384 2.065581
-0.131345 -0.809618 2.136323
-0.112627 -0.869372 2.085092
-0.050319 -0.082070 1.963275
0.045400 -0.439388 2.137776
0.079559 -0.773282 2.265705
0.143432 -0.809138 2.192287
-0.123074 0.495800 1.890335
0.074439 -0.058792 1.964187
0.056197 -0.080493 1.914800
-0.309467 -0.042800 2.050052
-0.288922 0.024315 1.954000
