0.055333 -0.005167 2.389192
0.024437 0.289156 2.273772
0.000848 0.577280 2.154392
0.089339 0.647443 2.152087
-0.083235 0.440080 2.097315
-0.079681 0.178871 2.105953
0.017266 -0.004468 2.149227
0.031682 -0.053418 2.190421
0.052886 0.445669 2.309669
-0.215790 0.344432 2.343414
-0.038118 0.138643 2.230605
0.035474 0.081125 2.174350
0.019792 -0.010766 2.323842
0.001158 -0.351447 2.383975
-0.023095 -0.716709 2.519973
0.036328 -0.778448 2.453549
0.089533 0.000408 2.382663
0.130821 -0.282268 2.572304
-0.113247 -0.656646 2.640202
-0.114835 -0.723741 2.595687
0.003210 0.506415 2.185485
0.056621 -0.119180 2.217280
0.077791 -0.014619 2.205667
0.051092 0.009025 2.166057
-0.042056 0.022275 2.130214
