0.257264 -0.022338 2.198443
0.352007 0.281635 2.090075
0.434205 0.578747 1.974838
0.539580 0.640459 1.974158
0.340463 0.424633 1.888287
0.386008 0.134955 1.859251
0.417729 -0.069377 1.900938
0.421160 -0.131341 1.937459
0.496527 0.475619 2.151829
0.519327 0.184340 2.115354
0.590025 0.213841 2.377582
0.617595 0.239892 2.496568
0.226947 -0.017606 2.131128
0.347402 -0.397456 2.187697
0.338702 -0.752199 2.303979
0.419087 -0.795206 2.293541
0.279611 -0.026118 2.196300
0.250694 -0.384967 2.417139
0.218904 -0.727267 2.511300
0.240191 -0.789766 2.472415
0.414308 0.505898 2.005172
0.438132 -0.190497 1.988893
0.399373 -0.170647 1.943700
0.637974 0.218886 2.524944
0.628655 0.185947 2.516333
