-0.367203 -0.003600 2.218855
-0.358350 0.267761 2.110211
-0.343834 0.530862 1.985004
-0.299510 0.664334 1.934299
-0.487002 0.416709 1.956951
-0.555718 0.184000 1.995611
-0.530907 -0.034837 2.000489
-0.509874 -0.104179 2.010831
-0.180454 0.418734 2.062014
-0.125607 0.198060 2.164974
-0.099854 -0.014348 2.179477
-0.092836 -0.095182 2.190953
-0.430258 -0.004618 2.163313
-0.460550 -0.381298 2.170946
-0.501619 -0.737782 2.392905
-0.527380 -0.811370 2.330684
-0.292419 -0.002497 2.203055
-0.297066 -0.386914 2.309083
-0.335598 -0.739267 2.455971
-0.300336 -0.807898 2.394333
-0.348095 0.466073 2.018499
-0.487600 -0.188316 2.043425
-0.486708 -0.060902 2.038250
-0.096917 -0.158439 2.200954
-0.118760 -0.109707 2.168800
