-0.471459 -0.327451 2.657316
-0.496165 -0.069894 2.631698
-0.517027 0.181670 2.594459
-0.512102 0.290086 2.531939
-0.665504 0.095935 2.591645
-0.750662 -0.092424 2.627613
-0.541053 -0.075964 2.416271
-0.474176 -0.066297 2.379259
-0.342064 0.130416 2.643377
-0.242088 -0.051120 2.688926
-0.358520 -0.066200 2.498362
-0.410566 -0.064691 2.441252
-0.538855 -0.330221 2.610337
-0.567451 -0.462752 2.278849
-0.573008 -0.823296 2.124259
-0.567746 -0.890767 2.002242
-0.391439 -0.316007 2.633725
-0.229340 -0.361449 2.318653
-0.286465 -0.746145 2.461104
-0.231628 -0.808198 2.416635
-0.512377 0.119664 2.606096
-0.420198 -0.048184 2.330625
-0.498769 -0.048126 2.362042
-0.457087 -0.072155 2.348952
-0.451111 -0.095407 2.374091
