0.005886 0.010879 2.249573
0.012705 0.300203 2.163530
0.019980 0.579322 2.065453
0.047902 0.708570 2.001081
-0.142492 0.470882 2.078133
-0.231002 0.233834 2.148644
-0.258775 0.021781 2.164236
-0.253575 -0.031413 2.179413
0.189031 0.460658 2.092800
0.268067 0.235869 2.164094
0.324387 0.028146 2.160121
0.335774 -0.037063 2.155128
-0.069565 0.010244 2.211858
-0.111552 -0.334427 2.334625
-0.133304 -0.699553 2.516686
-0.166133 -0.784458 2.444049
0.081403 0.010998 2.214599
0.117308 -0.331476 2.319949
0.123554 -0.700903 2.450594
0.152039 -0.790859 2.381164
0.018145 0.511076 2.092121
-0.248759 -0.108150 2.191277
-0.280372 -0.030728 2.180750
0.338743 -0.109115 2.148474
0.311954 -0.061220 2.129571
