-0.399300 -0.057588 2.182093
-0.481051 0.250284 2.112229
-0.553812 0.548099 2.030224
-0.665958 0.646612 2.017308
-0.663401 0.446500 2.140285
-0.708706 0.216564 2.298592
-0.882538 0.096303 2.270108
-0.884823 0.130552 2.237654
-0.390820 0.443946 1.948020
-0.288070 0.218221 1.916054
-0.337868 -0.033872 1.941319
-0.342472 -0.113497 1.990078
-0.451472 -0.069479 2.183774
-0.426856 -0.419964 2.314640
-0.351077 -0.753032 2.401538
-0.411627 -0.817080 2.386691
-0.332692 -0.042511 2.107539
-0.246441 -0.424917 2.158287
-0.141929 -0.768864 2.285644
-0.162043 -0.837976 2.220869
-0.536758 0.475168 2.052851
-0.907498 0.124173 2.225263
-0.876260 0.129288 2.216000
-0.371091 -0.184408 2.008507
-0.326870 -0.136941 1.958264
