-0.090849 -0.054248 2.060624
-0.112610 0.239048 1.975780
-0.131447 0.521472 1.878472
-0.134516 0.664813 1.816547
-0.290239 0.399557 1.887560
-0.339219 0.156874 1.927807
-0.343377 -0.058545 1.903813
-0.349565 -0.107949 1.927855
0.041838 0.418827 1.894797
0.115806 0.182008 1.973699
0.141333 -0.032028 1.973796
0.125023 -0.077936 1.986863
-0.164564 -0.060558 2.021080
-0.172331 -0.411527 2.149644
-0.158210 -0.761564 2.303372
-0.163513 -0.845459 2.227427
-0.013916 -0.046319 2.027679
0.050512 -0.400015 2.122825
0.089495 -0.762166 2.292870
0.118413 -0.833322 2.224612
-0.127082 0.452488 1.904942
-0.337577 -0.182726 1.924183
-0.377410 -0.127615 1.923286
0.117417 -0.163478 1.999034
0.076247 -0.055668 1.960636
