-0.490182 -0.307706 2.682299
-0.496983 -0.029165 2.635388
-0.503707 0.242528 2.577090
-0.511368 0.371940 2.520912
-0.651805 0.139067 2.574718
-0.684507 -0.080373 2.543934
-0.623832 -0.246184 2.411079
-0.606124 -0.299488 2.370633
-0.335908 0.157678 2.614237
-0.262530 -0.061543 2.588912
-0.233303 -0.211145 2.427708
-0.226636 -0.266943 2.386092
-0.564839 -0.307588 2.633986
-0.637299 -0.375179 2.298426
-0.574058 -0.786252 2.276273
-0.602169 -0.855862 2.206301
-0.402549 -0.300211 2.659970
-0.195041 -0.331234 2.366412
-0.207332 -0.750689 2.386070
-0.165813 -0.818361 2.311304
-0.502362 0.175450 2.593812
-0.586219 -0.369969 2.308009
-0.658028 -0.286081 2.337057
-0.196200 -0.330121 2.309896
-0.267114 -0.279439 2.390000
