0.122047 0.030043 2.279914
0.182717 0.346269 2.209810
0.239158 0.650808 2.128271
0.365101 0.744499 2.171599
0.139498 0.494424 2.049986
0.313784 0.256597 2.034048
0.448564 0.067297 2.171265
0.494363 0.028977 2.258609
0.334394 0.517460 2.273982
0.348764 0.260635 2.400064
0.428688 0.073336 2.183077
0.451435 0.064776 2.163851
0.071988 0.025141 2.195242
0.250400 -0.312043 2.342534
0.240745 -0.729427 2.426380
0.313649 -0.775162 2.463438
0.168839 0.033838 2.291550
0.047218 -0.257801 2.468518
-0.138564 -0.685013 2.543925
-0.080504 -0.748949 2.554501
0.225644 0.576280 2.150724
0.534447 -0.000429 2.306860
0.487031 -0.000109 2.280917
0.436644 0.080059 2.093913
0.405839 0.086374 2.098000
