0.097129 0.005845 2.317487
0.176696 0.320495 2.258161
0.249258 0.624332 2.185470
0.377356 0.712231 2.217665
0.131544 0.489381 2.090181
0.246768 0.219467 2.041273
0.325216 0.023450 2.071773
0.351139 -0.018159 2.106355
0.328094 0.495965 2.327177
0.194805 0.347190 2.097957
0.324280 0.092523 2.144645
0.370365 -0.016600 2.122170
0.050149 0.005327 2.236016
-0.021818 -0.349700 2.417551
-0.021484 -0.691458 2.478115
0.095559 -0.711800 2.443534
0.139037 0.006770 2.326859
0.180288 -0.387062 2.342144
0.235334 -0.744078 2.433815
0.303299 -0.773394 2.436299
0.231928 0.550021 2.205995
0.401355 -0.098689 2.136460
0.296743 -0.001260 2.055000
0.409031 -0.049178 2.128960
0.414894 -0.035864 2.122359
