-0.482858 -0.371056 2.661325
-0.536957 -0.119398 2.568760
-0.586725 0.128536 2.466733
-0.681920 0.200980 2.380764
-0.704131 0.018131 2.489435
-0.673138 -0.192272 2.434541
-0.563658 -0.302612 2.275393
-0.540340 -0.371848 2.298188
-0.438670 0.114243 2.470709
-0.287856 -0.079220 2.516982
-0.258682 -0.249688 2.379651
-0.249171 -0.308398 2.322052
-0.551009 -0.385506 2.619324
-0.602730 -0.387051 2.256354
-0.581009 -0.807996 2.242083
-0.586638 -0.875523 2.155603
-0.401805 -0.346505 2.633718
-0.233039 -0.349894 2.326244
-0.222627 -0.761937 2.335014
-0.180208 -0.834888 2.256012
-0.575002 0.067108 2.493978
-0.543331 -0.413969 2.241377
-0.507859 -0.355073 2.346306
-0.224114 -0.372260 2.258518
-0.287707 -0.318322 2.305686
