0.346711 0.016610 2.133783
0.343897 0.314206 2.054112
0.338794 0.600879 1.962515
0.441543 0.716646 1.967799
0.248896 0.447202 1.860337
0.283983 0.156179 1.801269
0.379452 -0.039743 1.803636
0.425519 -0.105068 1.844421
0.446430 0.479062 2.091483
0.486663 0.232462 2.229347
0.616285 0.259817 2.471539
0.651939 0.262899 2.512003
0.299934 -0.008275 2.077870
0.245694 -0.417933 2.137022
0.185715 -0.781685 2.248158
0.261713 -0.836703 2.214288
0.383471 0.041504 2.122884
0.433107 -0.288874 2.343407
0.445678 -0.627692 2.416727
0.517329 -0.682704 2.449499
0.340464 0.530835 1.987504
0.469605 -0.166580 1.870136
0.453885 -0.093455 1.828100
0.718947 0.244258 2.606674
0.700344 0.258977 2.501000
