0.478909 0.030069 2.240453
0.528047 0.346175 2.199666
0.575251 0.653047 2.148561
0.692576 0.760173 2.161628
0.451280 0.503916 2.026509
0.369486 0.228903 1.976231
0.386177 0.006916 1.983648
0.394858 -0.046060 2.030849
0.681920 0.531628 2.277472
0.770158 0.407679 2.461150
0.849297 0.280264 2.631744
0.896050 0.231812 2.688076
0.422078 0.029073 2.192810
0.414677 -0.362615 2.183144
0.290429 -0.746753 2.301849
0.333358 -0.815541 2.237010
0.521688 0.028433 2.223446
0.572614 -0.228686 2.431224
0.524568 -0.685568 2.536361
0.608012 -0.736923 2.555115
0.564117 0.577766 2.163358
0.408773 -0.151235 2.067917
0.401357 -0.066085 1.988888
0.966871 0.222274 2.746749
0.940080 0.227139 2.710400
