0.576175 0.064263 2.194740
0.521798 0.349632 2.126589
0.466769 0.624184 2.047782
0.531396 0.752787 2.025795
0.380136 0.462748 1.969335
0.352292 0.196402 1.955612
0.411128 -0.008718 1.973050
0.437374 -0.077038 2.029680
0.650366 0.534305 2.220070
0.834644 0.561410 2.104867
0.740437 0.360406 2.183522
0.713050 0.349023 2.206387
0.511944 0.044916 2.139492
0.467827 -0.350638 2.220871
0.435192 -0.738258 2.345290
0.504894 -0.803041 2.303412
0.623067 0.078995 2.184513
0.546639 -0.229262 2.184304
0.559648 -0.610957 2.449668
0.620513 -0.659473 2.361039
0.480730 0.557035 2.069518
0.450188 -0.166579 2.056765
0.496127 -0.023414 2.044882
0.673566 0.316127 2.221142
0.759531 0.332343 2.182364
