0.577879 0.044966 2.235793
0.627483 0.345711 2.168805
0.679254 0.630790 2.092635
0.786177 0.735566 2.075374
0.541286 0.490190 1.992687
0.485587 0.213892 1.963219
0.520235 0.004414 1.988702
0.528286 -0.066313 2.050812
0.861607 0.539714 2.265034
1.043759 0.565682 2.148514
0.871771 0.331271 2.188775
0.786299 0.235062 2.216264
0.516490 0.047061 2.190698
0.492205 -0.337713 2.233430
0.438231 -0.743126 2.347374
0.502535 -0.803665 2.301577
0.624051 0.050726 2.212372
0.615490 -0.262527 2.220031
0.584077 -0.672046 2.442309
0.616073 -0.728478 2.502129
0.667103 0.561130 2.113734
0.558069 -0.138788 2.076107
0.479312 -0.035945 2.087305
0.745893 0.178497 2.157438
0.755069 0.228598 2.232631
