0.574584 0.042527 2.301362
0.615775 0.355734 2.248277
0.646624 0.659199 2.184328
0.743929 0.771985 2.168209
0.520174 0.516956 2.084888
0.434381 0.261878 2.051415
0.474278 0.033322 2.059033
0.472636 -0.022306 2.105625
0.829151 0.568216 2.356728
1.011654 0.594110 2.240184
0.997787 0.419906 2.462163
1.027413 0.379482 2.552142
0.510830 0.043416 2.240919
0.497214 -0.347170 2.257654
0.445613 -0.735909 2.348300
0.512218 -0.803309 2.299684
0.617604 0.039614 2.291868
0.484669 -0.317348 2.450768
0.577904 -0.716002 2.532484
0.641185 -0.744189 2.547818
0.640428 0.584167 2.202215
0.491933 -0.125764 2.129674
0.536955 0.005226 2.133267
1.059155 0.323325 2.602290
1.018699 0.338913 2.547743
