-0.440683 -0.073734 2.495325
-0.490866 0.098828 2.214814
-0.520380 0.283727 1.932844
-0.587294 0.225470 1.831492
-0.675233 0.098953 2.131342
-0.644782 -0.096109 2.203909
-0.596433 -0.299005 2.243319
-0.589094 -0.345458 2.230764
-0.372227 0.141097 1.977997
-0.245910 0.005801 2.081414
-0.283912 -0.265917 2.163177
-0.327280 -0.442104 2.219131
-0.513391 -0.083066 2.466564
-0.584711 -0.443223 2.284986
-0.543588 -0.763462 2.405253
-0.564944 -0.834316 2.350138
-0.358975 -0.061219 2.452212
-0.340204 -0.448133 2.267058
-0.364558 -0.763854 2.399285
-0.334185 -0.825838 2.319693
-0.511375 0.236186 2.006211
-0.567904 -0.383630 2.260855
-0.648064 -0.374724 2.204043
-0.338141 -0.536631 2.265837
-0.378134 -0.427335 2.201731
