-0.091228 -0.031218 2.071604
-0.088660 0.253658 2.002736
-0.085196 0.527909 1.921476
-0.083572 0.667396 1.847798
-0.247410 0.430143 1.946373
-0.302702 0.230484 1.860091
-0.276816 0.221996 1.813531
-0.222887 0.216182 1.752926
0.078929 0.412912 1.901543
0.161451 0.184550 1.964026
0.184649 -0.030050 1.957866
0.193832 -0.111858 1.982552
-0.161575 -0.031713 2.038299
-0.229931 -0.399554 2.105192
-0.274168 -0.764755 2.326955
-0.325453 -0.833913 2.273651
-0.017355 -0.029582 2.032609
0.014665 -0.389832 2.140353
0.010018 -0.766475 2.292807
0.022811 -0.845793 2.213746
-0.086187 0.460914 1.943951
-0.205488 0.212500 1.696072
-0.253388 0.176654 1.725171
0.178321 -0.174623 1.983662
0.158154 -0.147735 1.970900
