-0.415646 0.057938 2.526177
-0.409570 0.189777 2.254232
-0.393522 0.307532 1.986900
-0.389609 0.370425 1.884289
-0.573858 0.272458 2.075617
-0.592857 0.082831 2.161853
-0.545520 -0.121669 2.199582
-0.515069 -0.177906 2.263934
-0.253724 0.325930 2.062976
-0.178433 0.157562 2.216940
-0.193534 -0.077251 2.240994
-0.228231 -0.134468 2.274467
-0.491828 0.047419 2.484850
-0.471456 -0.370864 2.358064
-0.446769 -0.727480 2.466351
-0.454537 -0.811483 2.398089
-0.328114 0.067121 2.496877
-0.252600 -0.352309 2.409501
-0.210028 -0.711954 2.503858
-0.172896 -0.785139 2.420358
-0.399675 0.282007 2.056419
-0.494446 -0.276620 2.280889
-0.546771 -0.202052 2.228194
-0.218973 -0.222554 2.300143
-0.274047 -0.089179 2.296040
