0.655666 -0.019048 2.016192
0.668124 0.286019 1.969016
0.675847 0.579595 1.910864
0.771641 0.687090 1.880844
0.531554 0.446016 1.840227
0.409968 0.209473 1.826132
0.419733 -0.014340 1.817727
0.430158 -0.065832 1.840309
0.815505 0.401393 2.020969
0.931429 0.279242 2.133433
1.209724 0.302683 2.090867
1.242968 0.330255 2.081552
0.586145 -0.013786 1.946182
0.509269 -0.430130 1.981451
0.456436 -0.814502 2.097107
0.477025 -0.886733 2.021047
0.702720 -0.023602 2.017694
0.691248 -0.406714 2.164179
0.604610 -0.776525 2.239128
0.668329 -0.829441 2.207170
0.674714 0.507838 1.927366
0.454816 -0.145143 1.849719
0.387570 -0.090220 1.835310
1.294776 0.334044 2.039372
1.247035 0.304649 2.101823
