0.649653 -0.013114 2.033151
0.652871 0.290983 1.977313
0.650329 0.582860 1.908740
0.744839 0.689301 1.876754
0.512317 0.446903 1.837447
0.402580 0.203020 1.824443
0.424979 -0.016650 1.819617
0.439370 -0.074803 1.831145
0.784981 0.406121 2.031033
0.901183 0.283927 2.143416
1.168832 0.284710 2.163114
1.217407 0.299657 2.164806
0.581896 -0.011189 1.958421
0.522610 -0.425833 2.012465
0.456797 -0.786837 2.210385
0.510041 -0.849573 2.142420
0.695281 -0.014259 2.039304
0.710556 -0.327935 2.157651
0.605642 -0.773682 2.255644
0.644279 -0.835020 2.201756
0.651748 0.511584 1.928016
0.474499 -0.154959 1.847815
0.398485 -0.089903 1.839643
1.284152 0.275070 2.146594
1.212562 0.272620 2.140000
