-0.502266 -0.362578 2.624765
-0.516662 -0.113428 2.524784
-0.528326 0.131018 2.414159
-0.523303 0.253832 2.336982
-0.658046 0.042941 2.394918
-0.670233 -0.170030 2.349465
-0.617309 -0.360826 2.256712
-0.603010 -0.427544 2.254809
-0.355706 0.089675 2.468532
-0.284395 -0.128410 2.452121
-0.269153 -0.317619 2.336105
-0.268766 -0.374043 2.301491
-0.569183 -0.366485 2.576012
-0.595155 -0.479521 2.250884
-0.595739 -0.801058 2.102327
-0.588722 -0.857674 1.971580
-0.421886 -0.349024 2.603180
-0.249494 -0.419444 2.302152
-0.119568 -0.810120 2.142757
-0.080978 -0.843488 2.042917
-0.526092 0.070550 2.443766
-0.587927 -0.499446 2.209826
-0.640622 -0.431945 2.239400
-0.251437 -0.442450 2.247227
-0.317569 -0.386594 2.289366
