-0.196103 -0.076420 1.961484
-0.308184 0.184840 1.863041
-0.414648 0.435744 1.752393
-0.516217 0.539032 1.694760
-0.509944 0.276975 1.834788
-0.594841 0.066561 1.874535
-0.708909 -0.113262 1.862184
-0.763679 -0.160408 1.869881
-0.235478 0.402845 1.758510
-0.036485 0.243491 1.826419
0.025351 0.011317 1.821004
0.024277 -0.034828 1.832538
-0.257049 -0.097365 1.939704
-0.227605 -0.430493 2.050537
-0.179882 -0.789741 2.223651
-0.227177 -0.868865 2.169687
-0.128324 -0.052557 1.911443
0.011872 -0.419146 2.038337
0.107362 -0.785304 2.186299
0.135168 -0.856131 2.133650
-0.388957 0.374524 1.782140
-0.812037 -0.231250 1.872876
-0.799636 -0.222636 1.801664
0.022403 -0.106367 1.833892
0.060655 -0.017792 1.816345
