0.459890 -0.128418 1.846265
0.475090 0.214514 1.781848
0.494779 0.545852 1.705343
0.567994 0.687906 1.723621
0.449600 0.378048 1.599011
0.516449 0.129246 1.569598
0.595987 -0.096641 1.638378
0.593778 -0.164582 1.679930
0.564547 0.425176 1.841453
0.554254 0.213283 1.950522
0.544653 -0.023731 1.886293
0.546329 -0.106570 1.916852
0.420203 -0.128613 1.778594
0.527825 -0.522297 1.777097
0.365368 -0.873814 1.821108
0.396289 -0.916773 1.820496
0.482045 -0.123317 1.842569
0.481004 -0.500047 1.965712
0.542951 -0.807093 2.053779
0.607472 -0.840559 1.999135
0.490487 0.464738 1.725891
0.623796 -0.245177 1.710451
0.545667 -0.196114 1.648765
0.543704 -0.121690 1.913223
0.542885 -0.106678 1.901898
