-0.327400 -0.106113 2.133404
-0.483954 0.214183 2.109088
-0.632524 0.522450 2.072746
-0.747624 0.594130 2.042269
-0.716384 0.468935 2.241379
-0.722242 0.212120 2.236900
-0.856786 0.016026 2.305293
-0.902762 -0.016676 2.323802
-0.429820 0.335865 1.980055
-0.677874 0.298306 1.963001
-0.865648 0.178146 2.063792
-0.912049 0.152057 2.115153
-0.370215 -0.119822 2.136129
-0.276438 -0.326618 2.348507
-0.346805 -0.769276 2.359754
-0.421493 -0.813207 2.360226
-0.273303 -0.088906 2.057753
-0.266540 -0.425004 2.111072
-0.211538 -0.797089 2.229166
-0.280493 -0.856353 2.179604
-0.596538 0.446986 2.083888
-0.944326 -0.070194 2.376517
-0.900988 -0.034666 2.329909
-0.976052 0.139422 2.157254
-0.875692 0.132996 2.121154
