-0.157189 -0.126411 2.117390
-0.333564 0.191225 2.090909
-0.498346 0.497466 2.049528
-0.618034 0.513658 2.009748
-0.582773 0.443948 2.218040
-0.529855 0.222747 2.321486
-0.506135 0.001806 2.431303
-0.503515 -0.020703 2.437016
-0.323441 0.280061 1.939355
-0.571275 0.264668 1.960037
-0.800141 0.211753 2.031447
-0.857575 0.184237 2.076893
-0.185890 -0.136935 2.119014
-0.186423 -0.390215 2.240832
-0.323353 -0.799384 2.347413
-0.406780 -0.807031 2.347934
-0.122895 -0.111385 2.042129
-0.257746 -0.436851 2.085842
-0.212577 -0.796228 2.232190
-0.280429 -0.851175 2.173766
-0.458699 0.422432 2.062144
-0.497130 -0.035843 2.432199
-0.505660 -0.027583 2.404000
-0.929854 0.169256 2.116678
-0.835680 0.159389 2.100071
