-0.392513 -0.102061 2.173666
-0.449138 0.223097 2.096088
-0.501538 0.535908 2.006782
-0.616565 0.631222 2.003187
-0.602803 0.408740 2.167776
-0.564270 0.198643 2.261444
-0.526488 0.019148 2.207903
-0.495011 -0.040906 2.179256
-0.361426 0.419297 1.909641
-0.387493 0.177189 1.809814
-0.501872 0.004577 1.837078
-0.559011 -0.040751 1.874952
-0.430147 -0.108281 2.157790
-0.439751 -0.361190 2.280893
-0.328654 -0.763920 2.352946
-0.397156 -0.824760 2.326021
-0.341999 -0.093812 2.117408
-0.261855 -0.444828 2.090266
-0.138485 -0.802353 2.213654
-0.139079 -0.871094 2.124349
-0.489109 0.459244 2.031153
-0.471033 -0.109869 2.156945
-0.480783 -0.110172 2.157927
-0.612250 -0.082043 1.916130
-0.574691 -0.006343 1.882455
