-0.106937 -0.108957 2.090842
-0.075376 0.230151 2.015903
-0.044415 0.549472 1.926174
0.061441 0.645041 1.930651
-0.120678 0.391265 1.826792
-0.147786 0.137594 1.788106
-0.079458 -0.043870 1.854150
-0.084032 -0.088263 1.897074
0.043411 0.423612 2.054333
0.007364 0.203761 2.165831
0.002228 -0.024960 2.072249
-0.024145 -0.104805 2.004835
-0.153786 -0.109455 2.005442
-0.034415 -0.379666 2.041574
0.032379 -0.811099 2.131888
0.109301 -0.863919 2.080475
-0.056626 -0.116658 2.093612
-0.056753 -0.454214 2.083020
-0.210535 -0.764508 2.351193
-0.142029 -0.805779 2.324738
-0.052386 0.471797 1.951249
-0.065308 -0.153751 1.939238
-0.137278 -0.079459 1.896953
-0.027130 -0.165619 1.990644
-0.030105 -0.157305 1.962200
