0.112650 -0.036520 2.082000
0.030315 0.253804 1.978017
-0.051039 0.531664 1.860482
-0.131241 0.651778 1.857101
-0.100893 0.450204 2.039230
-0.072453 0.240875 2.168704
-0.021627 0.012189 2.155006
-0.030986 -0.036627 2.113009
0.025787 0.376930 1.785915
-0.005187 0.123665 1.814854
-0.050113 -0.086317 1.912346
-0.041005 -0.149421 1.962517
0.079301 -0.028636 2.052263
-0.037604 -0.318242 2.276800
-0.062462 -0.736416 2.448448
-0.128664 -0.782964 2.396613
0.139413 -0.044680 2.034801
0.049412 -0.413316 2.140194
0.096436 -0.770568 2.279649
0.012609 -0.817568 2.266250
-0.030904 0.463970 1.892161
-0.026927 -0.101539 2.089769
-0.037035 -0.038732 2.044984
-0.057220 -0.224070 2.002193
-0.087554 -0.110120 1.933769
