0.067179 -0.094402 2.146222
0.069177 0.154658 1.997243
0.076989 0.393758 1.838281
0.131415 0.486468 1.745468
-0.034265 0.316303 1.821299
-0.019275 0.108534 1.864595
0.103841 -0.036806 1.907964
0.165385 -0.076095 1.937929
0.252814 0.375565 1.974062
0.253693 0.201740 2.046802
0.222142 0.028279 1.968502
0.208154 -0.047297 1.960142
0.004205 -0.101588 2.069715
-0.013768 -0.409060 2.156037
0.006999 -0.755382 2.330797
-0.059686 -0.818448 2.323639
0.128780 -0.083584 2.146846
0.140973 -0.421824 2.205724
0.114780 -0.769627 2.276425
0.171809 -0.824007 2.229938
0.074966 0.336121 1.880376
0.230706 -0.131006 1.961794
0.188759 -0.051239 1.937572
0.213659 -0.110376 1.953037
0.221772 -0.082483 1.950857
