0.074334 -0.094172 2.139266
0.086798 0.156379 1.988339
0.102845 0.398137 1.823228
0.170412 0.487270 1.737705
-0.008149 0.318592 1.805608
0.022609 0.095597 1.844082
0.158350 -0.038786 1.898845
0.225191 -0.073724 1.928705
0.271026 0.375464 1.985840
0.273502 0.192963 2.042937
0.240270 0.021670 1.951947
0.234477 -0.045281 1.937914
0.013126 -0.097058 2.059022
-0.014814 -0.395463 2.106602
-0.013886 -0.760822 2.321258
-0.066107 -0.819559 2.301375
0.133827 -0.086678 2.144305
0.144241 -0.427982 2.202949
0.114692 -0.770392 2.275802
0.157729 -0.821970 2.243893
0.099200 0.339190 1.866725
0.282940 -0.131391 1.944511
0.241538 -0.042672 1.918730
0.229941 -0.088277 1.929237
0.274710 -0.079524 1.925995
