0.095937 -0.026208 2.188519
0.049277 0.259665 2.100760
0.003002 0.535117 1.999706
-0.023850 0.653533 1.924759
-0.142954 0.434274 2.038247
-0.163058 0.221165 2.085505
-0.116398 0.032448 2.078006
-0.084317 -0.012571 2.091982
0.164478 0.463623 2.023410
0.265669 0.241309 2.087784
0.275120 0.053126 2.086359
0.251225 0.000092 2.080765
0.025161 -0.037066 2.153834
0.039345 -0.362205 2.272846
0.072652 -0.726657 2.394490
0.059520 -0.809636 2.320204
0.163094 -0.014472 2.148490
0.238832 -0.334130 2.239280
0.266911 -0.702062 2.460049
0.318831 -0.765680 2.417110
0.014499 0.467814 2.027255
-0.052706 -0.091337 2.108721
-0.034098 0.026478 2.056750
0.256210 -0.082552 2.080960
0.286601 0.000661 2.085454
0.575804 -0.189661 3.091077
0.580592 0.037803 3.090593
0.583711 0.262553 3.079644
0.571668 0.356037 3.099391
0.508660 0.213147 3.028071
0.472112 0.064728 2.898706
0.509030 -0.119458 2.914642
0.524630 -0.154279 2.959827
0.669852 0.208130 3.094259
0.563258 0.090358 2.949322
0.678151 -0.077424 2.926511
0.735837 -0.127738 2.905139
0.528127 -0.190512 3.056239
0.474844 -0.368659 2.812140
0.463183 -0.652611 2.856500
0.560660 -0.650436 2.841555
0.611246 -0.183955 3.069884
0.552926 -0.385493 2.829561
0.710605 -0.661150 2.828863
0.763431 -0.676026 2.753173
0.583282 0.206826 3.084290
0.530587 -0.182793 2.968337
0.477396 -0.166332 2.951706
0.738550 -0.182552 2.904101
0.730998 -0.174645 2.936250
