-0.087361 -0.008819 2.310810
-0.036599 0.314712 2.223166
0.014666 0.626520 2.121698
0.089910 0.755152 2.132693
-0.012276 0.460352 2.017825
0.064799 0.213961 2.021053
0.114626 0.049638 2.086005
0.109930 0.002211 2.126328
0.105362 0.552322 2.259290
0.136174 0.347233 2.393782
0.080469 0.114861 2.294252
0.079824 0.027325 2.303137
-0.116211 -0.015160 2.242537
-0.130196 -0.383643 2.383711
-0.134607 -0.707278 2.433179
-0.031249 -0.716057 2.403910
-0.055645 -0.002203 2.305449
0.124011 -0.370453 2.323198
0.213097 -0.720783 2.438506
0.282431 -0.760434 2.385258
0.001907 0.550286 2.149421
0.130162 -0.067396 2.165298
0.154113 0.032251 2.100850
0.088847 -0.023843 2.330528
0.078999 0.027042 2.279352
0.555862 -0.190338 3.089566
0.556004 0.055286 3.087386
0.553450 0.298348 3.075823
0.529135 0.392732 3.091221
0.492647 0.206584 3.001769
0.455967 -0.004183 2.990035
0.601001 0.091761 2.897381
0.628485 0.088907 2.889392
0.645895 0.255873 3.083579
0.557286 0.117075 2.933939
0.695655 0.196020 2.944673
0.758235 0.232924 2.904721
0.515607 -0.190971 3.061787
0.415508 -0.388511 2.818522
0.399052 -0.666976 2.873630
0.437229 -0.713353 2.784007
0.586010 -0.186378 3.060051
0.524660 -0.406584 2.831185
0.707936 -0.660474 2.832178
0.767044 -0.678848 2.748735
0.554642 0.237936 3.080569
0.646180 0.102082 2.875393
0.603263 0.102219 2.869159
0.754645 0.263201 2.891273
0.749129 0.262639 2.885000
