-0.098106 -0.047349 2.148513
-0.114446 0.255135 2.063664
-0.129923 0.546500 1.965605
-0.194348 0.669692 1.945878
-0.254187 0.431183 2.104953
-0.260327 0.217190 2.166007
-0.240304 0.028466 2.057803
-0.202884 -0.010108 2.040266
0.007620 0.423296 1.924418
0.104224 0.187083 1.950539
0.088195 0.000610 1.963249
0.065126 -0.031406 1.974559
-0.154276 -0.050049 2.145119
-0.142449 -0.377423 2.295459
-0.133857 -0.726509 2.429937
-0.174581 -0.803645 2.366447
-0.038587 -0.043088 2.078367
0.058681 -0.368957 2.174390
0.101099 -0.759638 2.341462
0.115327 -0.828115 2.256097
-0.126240 0.475309 1.992369
-0.214577 -0.066349 1.949782
-0.160869 -0.065608 2.058182
0.050305 -0.100000 1.991450
0.032364 -0.025438 1.953125
