-0.452054 -0.331768 2.635186
-0.445072 -0.071322 2.524023
-0.436041 0.183471 2.400296
-0.415050 0.300497 2.349859
-0.578651 0.113994 2.413523
-0.667084 -0.092631 2.532353
-0.569518 -0.282877 2.423997
-0.539445 -0.311711 2.385307
-0.292779 0.131537 2.491998
-0.205771 -0.023728 2.633190
-0.259445 -0.201538 2.565452
-0.288819 -0.218649 2.516329
-0.519630 -0.331942 2.588820
-0.448470 -0.485768 2.216273
-0.374789 -0.839841 2.109743
-0.359125 -0.896943 2.012685
-0.372625 -0.323049 2.612899
-0.186978 -0.441544 2.295704
-0.080309 -0.807554 2.216366
-0.018924 -0.852769 2.140288
-0.438689 0.120567 2.433551
-0.505764 -0.333418 2.356048
-0.501509 -0.290807 2.385062
-0.274702 -0.250218 2.457079
-0.330395 -0.197986 2.492804
