0.615267 -0.103625 3.040252
0.591843 0.132564 3.054167
0.570719 0.365196 3.058272
0.568388 0.454234 3.073292
0.514840 0.265237 3.041032
0.536175 0.119394 2.923213
0.666535 0.091482 2.883376
0.695060 0.085800 2.885155
0.726386 0.284341 3.074164
0.810714 0.182554 3.059645
0.765524 0.207783 2.924321
0.763924 0.244363 2.925422
0.564431 -0.101368 3.003150
0.483896 -0.360576 2.843483
0.428984 -0.589218 2.894449
0.422301 -0.668164 2.824494
0.654840 -0.104014 3.021736
0.677844 -0.369946 2.998128
0.618493 -0.655818 2.845062
0.669008 -0.675737 2.785939
0.575912 0.307573 3.059082
0.708013 0.086369 2.874600
0.690140 0.101552 2.862443
0.753968 0.225591 2.902969
0.759740 0.260709 2.908758
-0.283984 -0.051969 2.241205
-0.357710 0.229923 2.148725
-0.425698 0.515671 2.038465
-0.535311 0.593352 1.998290
-0.511020 0.387663 2.225251
-0.531959 0.204067 2.278355
-0.720031 0.227355 2.293911
-0.783563 0.235448 2.302817
-0.280386 0.416354 1.978381
-0.192279 0.242931 1.917935
-0.448372 0.185943 1.892378
-0.525624 0.172936 1.889843
-0.320118 -0.053040 2.241573
-0.298237 -0.412670 2.354997
-0.245690 -0.753566 2.399411
-0.305657 -0.814532 2.383723
-0.239493 -0.044567 2.163024
-0.172860 -0.425564 2.176697
-0.137089 -0.776274 2.263797
-0.168816 -0.846182 2.189913
-0.410018 0.445603 2.067681
-0.768031 0.183726 2.303730
-0.769984 0.277449 2.232393
-0.589588 0.167962 1.904770
-0.527884 0.218355 1.950217
