0.615531 -0.103676 3.040147
0.590333 0.132222 3.054041
0.562378 0.363845 3.058193
0.568223 0.454147 3.072868
0.514661 0.264994 3.040329
0.538720 0.119458 2.922946
0.673529 0.092676 2.879732
0.702352 0.090037 2.885526
0.726504 0.284216 3.074183
0.819006 0.191088 3.048768
0.763652 0.212516 2.920716
0.761994 0.247424 2.920237
0.564883 -0.101404 3.002773
0.483933 -0.360273 2.842579
0.425399 -0.585887 2.898703
0.424252 -0.663826 2.827079
0.654844 -0.104091 3.021758
0.713084 -0.381744 3.004539
0.617942 -0.656741 2.844267
0.670410 -0.676270 2.783203
0.569867 0.306518 3.058971
0.749747 0.145425 2.886500
0.740544 0.141751 2.885463
0.751556 0.232099 2.894065
0.759641 0.267797 2.910880
-0.118534 -0.066436 2.102636
-0.106043 0.207728 1.985002
-0.093280 0.469618 1.854010
-0.116646 0.585572 1.788512
-0.273449 0.389496 1.923918
-0.373066 0.235880 1.979898
-0.257072 0.346585 1.761250
-0.164143 0.445351 1.652296
0.040508 0.386164 1.881268
0.169169 0.283764 1.757027
0.015759 0.424566 1.691776
-0.056097 0.465243 1.703817
-0.187514 -0.065848 2.078568
-0.237419 -0.402795 2.174610
-0.256498 -0.770105 2.318804
-0.310746 -0.833401 2.256594
-0.046418 -0.065756 2.055335
-0.014106 -0.384449 2.149520
-0.017375 -0.744923 2.287771
0.010869 -0.834948 2.229483
-0.096464 0.405862 1.888722
-0.138568 0.466603 1.643946
-0.192946 0.483309 1.653286
-0.111517 0.541162 1.699820
-0.115409 0.451975 1.644333
