0.482288 -0.033577 2.165898
0.512391 0.253363 2.059732
0.538200 0.530704 1.942353
0.609375 0.627984 1.874107
0.384009 0.444408 1.935812
0.277095 0.201281 1.967553
0.314663 -0.021365 1.979978
0.332281 -0.053400 2.013440
0.658994 0.416220 2.053716
0.646457 0.204317 2.161521
0.624142 0.009822 2.161643
0.609847 -0.031421 2.165751
0.412969 -0.026188 2.104373
0.346523 -0.395424 2.131001
0.334760 -0.779012 2.199573
0.363005 -0.844248 2.127325
0.535546 -0.039081 2.159737
0.523182 -0.389038 2.284209
0.505619 -0.741363 2.363109
0.563654 -0.797368 2.327147
0.532383 0.462827 1.973636
0.347440 -0.127356 2.015638
0.360559 -0.030788 1.999233
0.605410 -0.084552 2.162615
0.587177 -0.010681 2.125072
