0.616969 -0.024633 2.022024
0.613789 0.265514 1.939358
0.604716 0.549038 1.839574
0.691453 0.656516 1.819830
0.514713 0.394995 1.770731
0.549888 0.171855 1.751883
0.747666 0.158041 1.851041
0.788584 0.185754 1.879941
0.729984 0.414955 1.989160
0.777860 0.259275 2.086304
0.825947 0.248708 1.998721
0.854127 0.251496 1.946223
0.556538 -0.034386 1.987136
0.570924 -0.425877 2.059998
0.580474 -0.789103 2.151828
0.631136 -0.853352 2.098382
0.657129 -0.013483 1.988762
0.707312 -0.259051 2.135096
0.595362 -0.651866 2.321508
0.649333 -0.697166 2.242656
0.607841 0.479508 1.867222
0.844567 0.214452 1.930962
0.766077 0.212505 1.869000
0.882029 0.243862 1.915394
0.881696 0.262365 1.929727
