0.688398 0.027549 2.301301
0.694329 0.336369 2.235050
0.695487 0.635546 2.158597
0.793385 0.739036 2.149944
0.601817 0.475117 2.071692
0.563639 0.231530 2.053527
0.706649 0.118609 2.103641
0.753076 0.107645 2.144074
0.849698 0.489244 2.400411
1.028012 0.458455 2.466906
1.215199 0.483531 2.450851
1.258588 0.543473 2.452908
0.648665 0.034292 2.161502
0.604244 -0.375477 2.238913
0.586383 -0.768982 2.253880
0.649425 -0.830101 2.193215
0.707379 0.020771 2.374817
0.583363 -0.379706 2.430476
0.573670 -0.711438 2.458547
0.627307 -0.772651 2.369829
0.695943 0.562211 2.179599
0.810464 0.090972 2.187440
0.752322 0.141342 2.121294
1.313037 0.552324 2.453112
1.241587 0.574953 2.457143
