0.678007 -0.043456 2.300570
0.708832 0.300478 2.240597
0.732389 0.630289 2.168018
0.855226 0.720329 2.191717
0.623255 0.475043 2.073756
0.584653 0.254232 2.043695
0.791215 0.151423 2.109167
0.826904 0.149909 2.126111
0.887504 0.475819 2.417337
0.932435 0.303565 2.482871
1.063360 0.399292 2.372416
1.084197 0.383883 2.378908
0.626850 -0.032443 2.256276
0.606803 -0.414339 2.240961
0.590332 -0.771259 2.249133
0.648936 -0.831464 2.196381
0.709193 -0.053648 2.278684
0.573416 -0.412545 2.430578
0.565277 -0.743200 2.465358
0.631210 -0.782231 2.368721
0.727546 0.549458 2.188572
0.863551 0.138399 2.143272
0.816418 0.182034 2.098857
1.130760 0.383556 2.352811
1.058105 0.400119 2.355400
