0.613135 -0.060367 2.130772
0.635091 0.252231 2.028134
0.652819 0.554148 1.912012
0.775097 0.641883 1.922606
0.557081 0.402641 1.851957
0.651365 0.153985 1.846219
0.841623 0.021543 1.913621
0.900978 -0.008038 1.936982
0.808077 0.399160 2.161367
0.786200 0.202428 2.131929
0.632349 0.099375 2.053703
0.590153 0.133862 2.085101
0.567611 -0.058153 2.054204
0.587639 -0.416127 2.160138
0.583870 -0.766677 2.247351
0.645381 -0.830560 2.193882
0.638739 -0.062536 2.138730
0.541755 -0.384551 2.361677
0.543682 -0.790540 2.457700
0.630368 -0.806788 2.376541
0.649091 0.480239 1.943153
0.965456 -0.032221 1.953852
0.950880 -0.003496 1.921750
0.572388 0.134432 2.058290
0.579938 0.157883 2.003094
