0.120030 -0.098733 1.917329
0.150595 0.223035 1.840102
0.179533 0.533140 1.749655
0.277231 0.637729 1.755857
0.114489 0.363214 1.680239
0.195609 0.107964 1.680506
0.231165 -0.059984 1.760443
0.223655 -0.086078 1.793827
0.258672 0.338133 1.664771
0.224918 0.120256 1.661358
0.219207 -0.049734 1.755476
0.209283 -0.091638 1.797878
0.058121 -0.093229 1.855709
0.136097 -0.442534 1.970036
-0.075057 -0.748780 2.213196
-0.084105 -0.797976 2.108026
0.177714 -0.098745 1.908116
0.042688 -0.437276 2.086729
0.103784 -0.824971 2.090210
0.050789 -0.877277 2.129564
0.172590 0.457445 1.774399
0.231120 -0.145049 1.824108
0.190132 -0.078719 1.778182
0.203390 -0.159460 1.835501
0.165589 -0.089422 1.766497
