-0.189678 0.098539 2.325678
-0.207073 0.366123 2.224962
-0.226041 0.623350 2.116521
-0.205399 0.739368 2.022871
-0.382029 0.527507 2.132556
-0.422214 0.272746 2.183360
-0.360656 0.048644 2.185662
-0.335718 0.001458 2.196829
-0.057678 0.545971 2.185912
0.021091 0.346716 2.325650
0.028346 0.145112 2.276721
0.012970 0.112189 2.280851
-0.253265 0.090237 2.283614
-0.259190 -0.341255 2.481033
-0.216986 -0.714512 2.605983
-0.239189 -0.771107 2.550983
-0.120739 0.105290 2.296770
-0.068205 -0.343165 2.401586
-0.063257 -0.720156 2.473403
-0.101454 -0.790040 2.410744
-0.220956 0.560706 2.145855
-0.311313 -0.081818 2.209654
-0.346984 -0.020710 2.178875
0.030903 0.069949 2.289057
-0.018387 0.117265 2.252882
