-0.172941 0.109606 2.391467
-0.209224 0.374342 2.274412
-0.243215 0.629910 2.146240
-0.164413 0.725701 2.090632
-0.367419 0.519625 2.118946
-0.396623 0.255591 2.128770
-0.327873 0.056914 2.171607
-0.280029 -0.006431 2.206536
-0.108393 0.560169 2.295484
-0.060837 0.360461 2.446384
-0.013672 0.171239 2.436058
-0.007202 0.140210 2.445839
-0.226830 0.094409 2.325838
-0.253166 -0.346093 2.504849
-0.228372 -0.690250 2.623199
-0.235273 -0.755747 2.562840
-0.114190 0.122113 2.387190
-0.043684 -0.316574 2.531078
-0.025335 -0.675602 2.625323
0.026557 -0.731891 2.579105
-0.235069 0.567443 2.180326
-0.250043 -0.079186 2.242066
-0.284926 -0.036262 2.195889
-0.000767 0.093822 2.454812
-0.038881 0.128183 2.404294
