0.010212 -0.044026 1.869140
0.006083 0.259637 1.798316
0.002495 0.550506 1.714111
0.000112 0.699742 1.667087
-0.166946 0.438138 1.751539
-0.228611 0.231099 1.830181
-0.104513 0.029537 1.729023
-0.062020 -0.020429 1.736968
0.168524 0.433160 1.743663
0.228416 0.239528 1.830626
0.120928 0.018825 1.723343
0.089716 -0.015871 1.724602
-0.066203 -0.043033 1.835384
-0.070875 -0.427198 1.970144
-0.070422 -0.811110 2.154374
-0.096019 -0.865845 2.073196
0.086307 -0.043379 1.830770
0.138610 -0.418224 1.970511
0.159680 -0.795931 2.139629
0.166809 -0.868463 2.096534
0.003297 0.479581 1.737168
-0.030343 -0.055457 1.730775
-0.001010 0.023464 1.690933
0.049608 -0.047985 1.722344
0.062835 0.022883 1.695437
