-0.520679 -0.241504 2.572520
-0.525842 0.022498 2.498557
-0.527158 0.279699 2.409823
-0.536564 0.412685 2.371841
-0.671910 0.172575 2.394168
-0.660345 -0.085050 2.342036
-0.593931 -0.255691 2.267100
-0.574378 -0.321472 2.241232
-0.371632 0.193761 2.439697
-0.318676 -0.063361 2.389759
-0.332702 -0.280373 2.282847
-0.340408 -0.348082 2.247610
-0.589589 -0.243293 2.527406
-0.573991 -0.441828 2.189372
-0.568088 -0.780305 2.360652
-0.572679 -0.843135 2.283432
-0.437950 -0.232866 2.547534
-0.314820 -0.422141 2.226088
-0.341363 -0.758533 2.390083
-0.315905 -0.826917 2.313549
-0.527390 0.216328 2.434347
-0.538545 -0.378765 2.200653
-0.540505 -0.311608 2.225105
-0.340259 -0.408649 2.213874
-0.389165 -0.344651 2.234998
