-0.525385 -0.242470 2.568179
-0.528875 0.008523 2.484171
-0.529163 0.253803 2.388048
-0.538344 0.388195 2.343632
-0.674672 0.152678 2.375073
-0.658226 -0.092046 2.328969
-0.591607 -0.311382 2.217594
-0.570130 -0.372400 2.198975
-0.374735 0.175805 2.416554
-0.321804 -0.073327 2.373455
-0.333275 -0.287341 2.266171
-0.337053 -0.356004 2.235385
-0.592332 -0.244603 2.522670
-0.577830 -0.445821 2.186380
-0.569189 -0.781804 2.362010
-0.572953 -0.843215 2.280464
-0.444087 -0.233715 2.543244
-0.308517 -0.421188 2.225916
-0.341166 -0.754162 2.387555
-0.316076 -0.825493 2.313681
-0.529669 0.193344 2.414271
-0.567839 -0.438906 2.183997
-0.524168 -0.367184 2.190810
-0.333900 -0.426607 2.215816
-0.381468 -0.351193 2.215606
