-0.089287 -0.090783 2.300334
-0.117453 0.106968 2.072353
-0.141832 0.303142 1.828701
-0.162295 0.370777 1.733290
-0.313205 0.245010 2.021794
-0.356526 0.107399 2.134590
-0.173170 0.002607 1.967610
-0.087862 -0.005548 1.962234
-0.006772 0.248034 1.907228
0.023382 0.019420 1.963786
-0.067369 -0.191059 1.958264
-0.080891 -0.257500 1.959487
-0.142242 -0.082858 2.278746
-0.187646 -0.404404 2.411727
-0.131708 -0.745028 2.473667
-0.174072 -0.794434 2.386719
-0.032908 -0.096498 2.247326
0.076800 -0.426293 2.327353
0.126819 -0.756767 2.426626
0.145435 -0.799927 2.328346
-0.135890 0.254423 1.891897
-0.053565 -0.060748 1.967144
-0.069548 0.037322 1.940207
-0.098562 -0.333170 1.967288
-0.062459 -0.279044 1.932150
