0.156049 0.003224 1.946680
0.152536 0.293699 1.855706
0.152621 0.571838 1.744899
0.242545 0.679336 1.728272
0.058780 0.428982 1.689174
0.093324 0.163002 1.661279
0.196032 -0.074058 1.700131
0.233437 -0.145308 1.728907
0.270736 0.427394 1.872303
0.293567 0.175390 1.940666
0.362615 0.005226 2.114007
0.381539 -0.032414 2.130284
0.105662 -0.001974 1.864352
0.196672 -0.433328 1.971219
0.200729 -0.801841 2.082049
0.266609 -0.859734 2.044760
0.200982 0.007440 1.958593
0.212686 -0.475577 2.024025
0.062308 -0.733096 2.293085
0.112354 -0.772768 2.212348
0.152674 0.504028 1.774833
0.268172 -0.208028 1.754058
0.193500 -0.145860 1.796800
0.392326 -0.066898 2.155336
0.391527 0.003623 2.104467
