0.602371 -0.057700 1.949975
0.670179 0.231491 1.834349
0.731575 0.509800 1.707693
0.859997 0.595174 1.698957
0.555460 0.393952 1.654160
0.526786 0.127489 1.655699
0.707139 -0.005454 1.723393
0.735506 -0.028917 1.733291
0.885184 0.369370 1.899183
1.038996 0.268116 1.927824
1.211304 0.283285 1.843335
1.201692 0.284427 1.838832
0.541088 -0.052847 1.875409
0.430748 -0.485003 1.949592
0.385652 -0.828651 2.056790
0.417176 -0.879050 1.991572
0.642387 -0.060564 1.956032
0.641211 -0.468411 2.109167
0.597595 -0.802684 2.201696
0.673589 -0.834550 2.158912
0.717339 0.441846 1.741267
0.775866 -0.059595 1.774047
0.703850 -0.042355 1.744182
1.244356 0.318760 1.785929
1.190075 0.321762 1.793778
