0.464676 0.112448 2.192700
0.483321 0.409019 2.108113
0.500031 0.694317 2.014108
0.581687 0.825577 2.021483
0.458757 0.576815 1.971116
0.509649 0.324646 1.915633
0.556142 0.079803 1.988464
0.571838 0.004109 2.035817
0.581015 0.496216 2.176095
0.711208 0.717099 2.173664
0.723899 0.880286 2.066449
0.667428 0.876178 2.072555
0.419262 0.113788 2.181230
0.492305 -0.352917 2.277017
0.433967 -0.738845 2.388095
0.491487 -0.793400 2.331024
0.495097 0.107826 2.135056
0.436547 -0.247925 2.260475
0.437782 -0.643842 2.514691
0.517859 -0.681083 2.497627
0.496250 0.624533 2.039512
0.608807 -0.071532 2.075675
0.527143 0.019719 2.070785
0.657618 0.914427 2.049897
0.640898 0.825348 2.032000
