0.000218 0.081748 2.222690
-0.007509 0.367244 2.147938
-0.014969 0.641945 2.061208
-0.016009 0.784453 2.002423
-0.183945 0.530282 2.092269
-0.222778 0.272856 2.135460
-0.210977 0.071632 2.151491
-0.195357 0.002975 2.163437
0.151846 0.527134 2.092391
0.211268 0.276131 2.144315
0.228700 0.083221 2.154287
0.216270 0.009429 2.157166
-0.068344 0.078300 2.187383
-0.073927 -0.344102 2.354446
-0.031851 -0.720601 2.481839
-0.055171 -0.789280 2.400064
0.068721 0.082521 2.185807
0.107916 -0.346480 2.349572
0.097145 -0.712501 2.473619
0.111307 -0.781348 2.400892
-0.013146 0.574856 2.085009
-0.188547 -0.079244 2.174271
-0.153105 0.003925 2.158450
0.222520 -0.060764 2.157120
0.235781 0.003701 2.119426
