-0.113338 0.035008 2.340973
-0.076147 0.350404 2.241455
-0.038098 0.654399 2.128559
0.080737 0.738236 2.152954
-0.129534 0.511667 2.040768
-0.091170 0.246813 2.031479
0.090653 0.236280 2.206479
0.124351 0.232302 2.248437
0.041032 0.566297 2.309467
0.118045 0.407403 2.380400
0.134536 0.216145 2.404139
0.090187 0.160414 2.334025
-0.145822 0.036376 2.260211
-0.022272 -0.343036 2.427302
-0.050618 -0.708719 2.544825
0.022455 -0.757448 2.511769
-0.076990 0.032621 2.349547
0.087340 -0.298065 2.631285
0.054676 -0.640787 2.698540
0.119506 -0.666496 2.730094
-0.047391 0.580228 2.159159
0.177782 0.230768 2.296717
0.082567 0.274462 2.303000
0.084372 0.137188 2.333124
0.107814 0.183809 2.295834
