0.103514 -0.023871 2.434100
0.280735 0.285039 2.361090
0.453328 0.584565 2.275292
0.598629 0.628057 2.310573
0.264286 0.455317 2.193951
0.401628 0.242185 2.201953
0.560331 0.080722 2.310864
0.602068 0.030251 2.373380
0.529685 0.451263 2.438398
0.510135 0.201413 2.334848
0.661494 0.018691 2.429886
0.712113 -0.044182 2.458138
0.050265 -0.006671 2.355291
-0.021149 -0.448686 2.398680
-0.086922 -0.794294 2.415121
-0.050074 -0.808588 2.323331
0.153716 -0.039903 2.440965
0.150367 -0.451930 2.655202
0.163478 -0.667109 2.667675
0.246545 -0.707733 2.624115
0.410970 0.511217 2.298562
0.676206 -0.008317 2.410973
0.590209 0.076260 2.311917
0.773130 -0.112108 2.496448
0.785071 -0.114248 2.468667
