0.542976 0.015330 2.129742
0.551483 0.322431 2.027856
0.556279 0.618036 1.915674
0.662411 0.717211 1.898079
0.429908 0.491422 1.851669
0.482814 0.242653 1.816015
0.698709 0.258620 1.944384
0.805958 0.289180 2.018427
0.688999 0.428118 2.053695
0.708395 0.265264 2.148197
0.825642 0.331094 2.002227
0.814917 0.298191 2.032361
0.474634 0.011983 2.058166
0.437699 -0.420478 2.200514
0.410745 -0.757000 2.322317
0.430593 -0.812179 2.246988
0.593401 0.016980 2.132525
0.635345 -0.393738 2.341102
0.601220 -0.739116 2.435533
0.666099 -0.775196 2.384333
0.555690 0.545821 1.945657
0.859743 0.297630 2.019287
0.766714 0.313533 2.025677
0.856472 0.310649 2.011979
0.775172 0.273567 1.978429
