0.545217 0.008672 2.142685
0.559046 0.319178 2.036329
0.570701 0.618035 1.920496
0.681214 0.714130 1.904991
0.438363 0.486929 1.849858
0.445464 0.230698 1.798214
0.649873 0.172970 1.907020
0.683939 0.169124 1.932771
0.703355 0.428145 2.058510
0.751428 0.344781 2.208783
0.930999 0.370668 2.142888
0.945529 0.383267 2.142709
0.479565 0.006095 2.069965
0.441010 -0.420186 2.201150
0.410651 -0.757140 2.322406
0.432392 -0.812281 2.249517
0.592304 0.010603 2.147691
0.639091 -0.392429 2.344396
0.599989 -0.740004 2.437131
0.666158 -0.775771 2.384863
0.568263 0.544947 1.951402
0.747153 0.178163 1.971923
0.674382 0.199023 1.913030
0.971013 0.402057 2.130964
0.939419 0.352455 2.131750
