0.617889 -0.014485 2.200428
0.682036 0.298973 2.102026
0.740184 0.601872 1.993120
0.865566 0.690277 1.990008
0.573150 0.488215 1.938267
0.493253 0.282022 1.906419
0.697275 0.148079 1.984098
0.738252 0.109540 2.022532
0.884190 0.437007 2.186244
1.003828 0.319388 2.261659
1.173224 0.376122 2.173664
1.236361 0.408352 2.117814
0.556002 -0.006837 2.124964
0.452440 -0.422027 2.221348
0.413077 -0.766292 2.319603
0.434262 -0.816890 2.245243
0.660504 -0.021146 2.207777
0.656480 -0.397390 2.336370
0.602487 -0.736110 2.435719
0.668750 -0.777079 2.382165
0.726647 0.527687 2.022242
0.762269 0.080682 2.062663
0.737041 0.177434 2.061152
1.285478 0.419180 2.057608
1.241156 0.385266 2.073500
