0.618383 -0.023453 2.212032
0.684261 0.296710 2.116005
0.744028 0.606102 2.009088
0.871872 0.692504 2.008857
0.578292 0.486601 1.949052
0.504404 0.282066 1.914819
0.705193 0.147719 1.998781
0.759367 0.106345 2.042250
0.887222 0.436634 2.213515
1.007601 0.324967 2.294695
1.171088 0.387619 2.212923
1.237162 0.429343 2.173500
0.557464 -0.015231 2.137218
0.456913 -0.431017 2.217791
0.413472 -0.766570 2.320315
0.434623 -0.814750 2.244500
0.659823 -0.030854 2.218261
0.661410 -0.404675 2.344941
0.604090 -0.738058 2.435360
0.669160 -0.776654 2.382914
0.730109 0.530295 2.037666
0.780269 0.085391 2.082308
0.784470 0.104805 2.031750
1.292879 0.433115 2.108386
1.228644 0.390780 2.167750
