-0.029349 0.028995 2.199750
-0.065916 0.321034 2.107101
-0.102580 0.602722 2.002447
-0.169012 0.725644 1.944785
-0.251172 0.460077 2.097558
-0.374589 0.242159 2.152450
-0.508278 0.104086 2.122872
-0.591396 0.064198 2.121956
0.055984 0.511685 1.984955
0.179005 0.280533 2.020640
0.197633 0.040724 2.061114
0.187302 -0.025702 2.078014
-0.096620 0.024445 2.183710
-0.149892 -0.372226 2.309171
-0.185522 -0.736621 2.420972
-0.214428 -0.799204 2.352666
0.038894 0.032580 2.143843
0.107759 -0.351009 2.290592
0.127333 -0.712909 2.437762
0.142520 -0.785140 2.370595
-0.093596 0.533887 2.030721
-0.650642 0.018990 2.119661
-0.631382 0.077216 2.099214
0.190476 -0.094528 2.091836
0.209169 -0.026313 2.055878
