-0.006537 0.039734 2.176477
-0.012317 0.340319 2.098852
-0.016758 0.630056 2.010109
-0.005630 0.775857 1.961005
-0.185637 0.513114 2.030322
-0.241378 0.264260 2.092367
-0.250592 0.053001 2.122732
-0.241363 -0.021506 2.134034
0.152029 0.497575 2.030082
0.206185 0.247981 2.090794
0.211175 0.033093 2.120050
0.199262 -0.041949 2.131881
-0.078185 0.038997 2.140036
-0.109415 -0.365548 2.294435
-0.104334 -0.726192 2.433755
-0.135651 -0.798989 2.363977
0.065415 0.039160 2.140851
0.120415 -0.346841 2.290821
0.137712 -0.711952 2.438487
0.158314 -0.787650 2.375532
-0.015734 0.559237 2.034294
-0.234562 -0.099967 2.146562
-0.195625 0.012053 2.129000
0.198593 -0.115231 2.146651
0.156353 -0.054047 2.104500
