-0.174342 -0.043043 2.120738
-0.272993 0.223639 1.981509
-0.365577 0.482330 1.830281
-0.454397 0.580630 1.750909
-0.477381 0.324786 1.932569
-0.556387 0.111863 1.985251
-0.644715 -0.036421 1.888666
-0.695724 -0.076224 1.848573
-0.197812 0.439115 1.841661
-0.043077 0.243664 1.922174
0.048670 0.015391 2.004017
0.050554 -0.053117 2.038332
-0.234370 -0.059539 2.096096
-0.248894 -0.418224 2.241072
-0.236387 -0.757957 2.322982
-0.267418 -0.827791 2.257013
-0.106340 -0.024870 2.074030
0.041379 -0.384792 2.243885
0.127743 -0.726107 2.403895
0.164410 -0.792650 2.356873
-0.343302 0.419060 1.870204
-0.724695 -0.133500 1.760364
-0.756734 -0.063249 1.867333
0.047789 -0.100180 2.055134
0.011137 -0.039781 2.022929
