-0.531301 -0.251053 2.569297
-0.527080 0.000270 2.477800
-0.520814 0.245397 2.371974
-0.533769 0.375349 2.322829
-0.672834 0.151732 2.376524
-0.674938 -0.103229 2.340563
-0.631017 -0.316313 2.271887
-0.611744 -0.387523 2.256240
-0.369240 0.174955 2.389076
-0.321862 -0.084010 2.358955
-0.339509 -0.331971 2.267665
-0.345480 -0.401505 2.240420
-0.599219 -0.249243 2.530814
-0.619453 -0.480901 2.218196
-0.542051 -0.756097 2.459171
-0.541958 -0.812293 2.396430
-0.448843 -0.246107 2.537516
-0.318258 -0.444188 2.225131
-0.391522 -0.748891 2.465575
-0.361483 -0.801534 2.395502
-0.522856 0.184999 2.400781
-0.600094 -0.448358 2.219553
-0.561085 -0.396448 2.296688
-0.346902 -0.477836 2.232929
-0.391676 -0.389435 2.230538
