-0.111537 0.027504 2.097020
-0.112663 0.324285 2.019475
-0.112911 0.609704 1.930217
-0.124727 0.737559 1.896081
-0.280702 0.477099 1.984530
-0.394722 0.327072 1.913106
-0.197991 0.469827 1.802644
-0.152717 0.526548 1.780352
0.042345 0.472044 1.946166
0.201143 0.361517 1.893534
0.073945 0.491834 1.817992
0.021154 0.544348 1.797454
-0.184728 0.025987 2.059971
-0.180975 -0.363970 2.208557
-0.159019 -0.750800 2.377679
-0.184515 -0.811350 2.321749
-0.034485 0.028061 2.062276
0.006794 -0.350740 2.203741
0.000585 -0.742711 2.377019
0.015002 -0.810340 2.302105
-0.112979 0.540025 1.954607
-0.099133 0.560858 1.750102
-0.162291 0.541446 1.735016
-0.030888 0.602080 1.787036
0.026934 0.579790 1.759731
