-0.554340 -0.315507 2.539140
-0.548256 -0.054943 2.461225
-0.539012 0.199571 2.370700
-0.548276 0.331143 2.321476
-0.694565 0.095933 2.359268
-0.677449 -0.137892 2.290202
-0.623049 -0.354228 2.186888
-0.612515 -0.423119 2.159682
-0.384244 0.123115 2.380386
-0.345674 -0.121690 2.318000
-0.355934 -0.356188 2.192693
-0.363094 -0.422212 2.160937
-0.624328 -0.313122 2.501906
-0.628548 -0.448779 2.131789
-0.602089 -0.775234 2.411134
-0.601233 -0.831446 2.349873
-0.469064 -0.309343 2.506572
-0.331586 -0.449459 2.164435
-0.360604 -0.769166 2.424046
-0.341643 -0.815855 2.347862
-0.541879 0.136803 2.395632
-0.607625 -0.490151 2.140561
-0.568024 -0.417565 2.164200
-0.366798 -0.487659 2.151256
-0.410786 -0.422193 2.156107
