-0.167573 0.022527 2.153893
-0.190942 0.334656 2.081785
-0.211195 0.635449 1.996545
-0.312442 0.739833 1.993988
-0.292266 0.459666 2.180780
-0.334015 0.243344 2.310659
-0.342971 0.049000 2.473608
-0.346122 0.016114 2.511022
-0.077772 0.510581 1.914818
-0.022889 0.248717 1.881561
-0.041573 0.009396 1.921389
-0.049847 -0.047907 1.952765
-0.212382 0.025425 2.169911
-0.205215 -0.389760 2.341586
-0.165249 -0.732195 2.430249
-0.230889 -0.792899 2.385623
-0.116627 0.019425 2.066240
-0.031161 -0.400493 2.233030
0.016996 -0.761669 2.373039
0.010657 -0.816351 2.302702
-0.206510 0.561999 2.020091
-0.350555 -0.006309 2.526280
-0.333318 0.006069 2.481778
-0.063318 -0.127424 1.980621
-0.083399 -0.014157 1.952032
