-0.426251 0.006106 2.297076
-0.433999 0.223842 2.078662
-0.436700 0.434747 1.846894
-0.453653 0.499468 1.745759
-0.601438 0.342796 1.967875
-0.621759 0.113959 2.072528
-0.602496 -0.072907 2.110966
-0.590080 -0.131632 2.138434
-0.273850 0.384870 1.955711
-0.197790 0.161987 2.063544
-0.192285 -0.046036 2.124722
-0.215681 -0.104020 2.158830
-0.497406 0.005801 2.261081
-0.542314 -0.385754 2.284303
-0.571417 -0.757144 2.396002
-0.582172 -0.819985 2.329683
-0.341952 0.006219 2.262299
-0.208001 -0.407170 2.298655
-0.116587 -0.748670 2.390698
-0.095366 -0.810613 2.318303
-0.436039 0.383704 1.907289
-0.580132 -0.212583 2.167121
-0.620960 -0.147641 2.124608
-0.225405 -0.179740 2.182375
-0.184933 -0.141371 2.154059
