-0.513790 -0.305957 2.555853
-0.508071 -0.049711 2.467500
-0.499071 0.202262 2.369237
-0.507042 0.334742 2.313038
-0.657156 0.104585 2.353903
-0.661489 -0.136630 2.282523
-0.613657 -0.302140 2.182454
-0.604470 -0.360619 2.160073
-0.345791 0.122975 2.382631
-0.290529 -0.111449 2.312738
-0.300268 -0.341680 2.193609
-0.301900 -0.400388 2.167409
-0.583970 -0.303420 2.517671
-0.600413 -0.424161 2.142313
-0.585185 -0.775692 2.374619
-0.589517 -0.833752 2.317660
-0.429588 -0.300061 2.523929
-0.264218 -0.410322 2.182698
-0.303466 -0.758275 2.394812
-0.280030 -0.815578 2.332413
-0.501860 0.140075 2.395940
-0.586441 -0.420396 2.125730
-0.556075 -0.415907 2.129700
-0.299467 -0.463365 2.154667
-0.258450 -0.403673 2.158596
