-0.515981 -0.287152 2.544209
-0.508953 -0.037027 2.455351
-0.499021 0.207550 2.354403
-0.511152 0.337859 2.313349
-0.651428 0.106066 2.336199
-0.658201 -0.132443 2.269724
-0.608564 -0.355684 2.154352
-0.599930 -0.412920 2.139464
-0.346020 0.127466 2.362296
-0.293401 -0.108636 2.297812
-0.301202 -0.341067 2.188170
-0.298345 -0.398819 2.164654
-0.583991 -0.284812 2.505643
-0.606142 -0.430475 2.140482
-0.587102 -0.774278 2.374856
-0.589607 -0.832259 2.319736
-0.433778 -0.281502 2.512853
-0.260309 -0.408084 2.182200
-0.302196 -0.757248 2.395938
-0.285922 -0.815955 2.342974
-0.502027 0.147233 2.381904
-0.597537 -0.459623 2.118644
-0.553290 -0.421297 2.135836
-0.295819 -0.463356 2.156414
-0.255787 -0.400821 2.158309
