-0.574600 -0.071668 2.264094
-0.659092 0.222098 2.157839
-0.738075 0.506276 2.039846
-0.846860 0.584132 1.990892
-0.832157 0.320784 2.171942
-0.893257 0.103552 2.182840
-0.998967 -0.091817 2.143472
-1.015481 -0.104839 2.124523
-0.574444 0.419586 2.018129
-0.437300 0.207069 2.017471
-0.475250 -0.016143 2.017674
-0.507286 -0.088801 2.058867
-0.614370 -0.081481 2.255303
-0.617007 -0.465365 2.363801
-0.597968 -0.818091 2.409686
-0.648500 -0.874269 2.349515
-0.516902 -0.059953 2.201501
-0.374348 -0.466555 2.264333
-0.330536 -0.825746 2.342080
-0.325566 -0.893044 2.267861
-0.719423 0.436509 2.071393
-1.045217 -0.159654 2.108787
-0.984664 -0.107313 2.175667
-0.553103 -0.163240 2.058598
-0.454430 -0.102258 2.095243
