-0.551364 -0.124351 1.941202
-0.657607 0.184667 1.861731
-0.755909 0.481489 1.771366
-0.879145 0.576898 1.747594
-0.851932 0.368806 1.946407
-0.857472 0.185868 2.066812
-0.916136 -0.069173 1.899297
-0.974936 -0.081163 1.849087
-0.628877 0.331547 1.712943
-0.710333 0.035114 1.699335
-0.884703 -0.099926 1.819090
-0.950940 -0.090336 1.843188
-0.584123 -0.130197 1.939692
-0.540700 -0.551004 2.052940
-0.466304 -0.864664 2.237228
-0.479205 -0.924001 2.188717
-0.498957 -0.114393 1.871645
-0.599855 -0.507362 1.963945
-0.587346 -0.874537 2.094276
-0.659878 -0.916416 2.093243
-0.732591 0.408952 1.796160
-1.014393 -0.110156 1.862495
-1.026366 -0.095338 1.858000
-1.031315 -0.106579 1.878775
-0.891524 -0.124035 1.829454
