0.071905 0.024221 2.570274
0.089276 0.338597 2.478818
0.103548 0.643964 2.374625
0.208774 0.744544 2.364477
0.006201 0.497197 2.301208
-0.062561 0.250043 2.284280
0.149183 0.078616 2.349717
0.185064 0.067453 2.385821
0.169797 0.507015 2.547514
0.166678 0.197374 2.517584
0.128786 -0.066943 2.357451
0.104603 -0.238312 2.255465
0.034382 0.035332 2.503218
-0.030204 -0.394574 2.522046
-0.063922 -0.763907 2.632503
-0.019003 -0.833741 2.557690
0.106262 0.011612 2.566998
0.126895 -0.386608 2.765905
0.134430 -0.729791 2.846303
0.193977 -0.754340 2.857018
0.100260 0.569135 2.403049
0.231449 0.021014 2.429988
0.172338 0.039356 2.322269
0.043005 -0.291567 2.263442
0.046980 -0.214699 2.233387
