-0.059201 -0.044059 2.512461
-0.006190 0.268016 2.436043
0.044215 0.569582 2.339862
0.170221 0.655772 2.360431
-0.068388 0.454255 2.257207
-0.161028 0.245753 2.212438
-0.054710 -0.032258 2.274505
-0.053634 -0.079504 2.312952
0.074007 0.437172 2.556229
0.102177 0.174430 2.650544
0.265310 0.034538 2.706216
0.326000 0.042932 2.734535
-0.090317 -0.024723 2.403760
-0.125393 -0.386467 2.469624
-0.109235 -0.765292 2.600448
-0.039329 -0.831746 2.555525
-0.026346 -0.061050 2.546384
0.058308 -0.403518 2.728672
0.147942 -0.733624 2.849217
0.194334 -0.770231 2.852319
0.031857 0.496414 2.365457
-0.018172 -0.127199 2.354229
-0.012149 -0.027727 2.339630
0.370259 0.034740 2.789331
0.335994 0.063687 2.728818
