-0.459648 -0.172071 2.770700
-0.448725 0.001551 2.544955
-0.435328 0.171068 2.306983
-0.392495 0.270656 2.209109
-0.567012 0.105810 2.306315
-0.634049 -0.110006 2.300970
-0.597549 -0.371511 2.273175
-0.580920 -0.452960 2.255289
-0.265678 0.120295 2.348773
-0.113550 -0.048247 2.360337
-0.114973 -0.272866 2.367529
-0.138989 -0.323161 2.376128
-0.533520 -0.173459 2.721674
-0.558198 -0.448403 2.337373
-0.512758 -0.796395 2.483772
-0.538176 -0.865930 2.412365
-0.373756 -0.166512 2.747247
-0.215308 -0.438155 2.403706
-0.203689 -0.791215 2.584687
-0.176936 -0.844454 2.511103
-0.439156 0.129334 2.368785
-0.582172 -0.529339 2.258162
-0.615805 -0.460408 2.227103
-0.167815 -0.403057 2.368893
-0.195708 -0.336861 2.420000
