-0.484566 -0.348204 2.713280
-0.477295 -0.060782 2.650648
-0.466085 0.220639 2.572866
-0.451778 0.361911 2.537584
-0.608373 0.126799 2.552125
-0.643347 -0.127682 2.483814
-0.609110 -0.322105 2.363822
-0.590229 -0.377714 2.324680
-0.306748 0.126594 2.627734
-0.207378 -0.092836 2.584322
-0.217228 -0.278758 2.446476
-0.238501 -0.335817 2.400421
-0.555558 -0.343893 2.657597
-0.599714 -0.435248 2.294270
-0.512247 -0.812072 2.471055
-0.542616 -0.870803 2.406818
-0.400533 -0.343138 2.697095
-0.220412 -0.407098 2.357584
-0.267808 -0.813487 2.429038
-0.226008 -0.867046 2.364073
-0.469376 0.151189 2.594811
-0.561448 -0.439268 2.274333
-0.603905 -0.406619 2.264167
-0.246986 -0.387646 2.334042
-0.292256 -0.354049 2.455000
