-0.500679 -0.312446 2.689944
-0.489789 -0.052712 2.610727
-0.476942 0.201040 2.519264
-0.466380 0.329363 2.453031
-0.621376 0.119767 2.506982
-0.639244 -0.127196 2.406127
-0.599945 -0.332624 2.294607
-0.595040 -0.400794 2.260966
-0.324902 0.127089 2.559284
-0.255429 -0.094388 2.465233
-0.264749 -0.297870 2.357717
-0.279307 -0.348939 2.334018
-0.566498 -0.308645 2.642028
-0.588151 -0.440635 2.290116
-0.551805 -0.819688 2.468173
-0.557194 -0.872152 2.394191
-0.421388 -0.307975 2.665913
-0.280707 -0.437493 2.332214
-0.367132 -0.813802 2.498737
-0.338568 -0.867474 2.431682
-0.480584 0.138433 2.544420
-0.578372 -0.460048 2.221730
-0.609033 -0.408435 2.217488
-0.306096 -0.421971 2.307580
-0.309718 -0.353192 2.363400
