-0.502058 -0.315273 2.690075
-0.486394 -0.056739 2.617219
-0.468112 0.195914 2.532840
-0.458825 0.323649 2.463964
-0.617628 0.119113 2.516897
-0.639763 -0.126124 2.423464
-0.603532 -0.334087 2.298415
-0.596896 -0.407539 2.261525
-0.315797 0.120370 2.575098
-0.267628 -0.103446 2.476306
-0.275017 -0.298195 2.352192
-0.284111 -0.360434 2.323042
-0.567245 -0.310124 2.642462
-0.589926 -0.440676 2.290053
-0.553304 -0.820449 2.468440
-0.556641 -0.872304 2.392197
-0.423482 -0.312112 2.665747
-0.278211 -0.432679 2.331753
-0.364166 -0.809766 2.489247
-0.337850 -0.867791 2.430915
-0.473057 0.133556 2.556223
-0.583694 -0.465684 2.221895
-0.613291 -0.411978 2.218833
-0.287844 -0.426147 2.287237
-0.262206 -0.393807 2.340500
