-0.502421 -0.310067 2.693421
-0.485284 -0.047931 2.630135
-0.466124 0.208413 2.554538
-0.445339 0.344215 2.499233
-0.614125 0.131003 2.543752
-0.642835 -0.119398 2.438917
-0.618595 -0.318000 2.323996
-0.608645 -0.388728 2.280163
-0.309259 0.126831 2.592371
-0.269781 -0.086889 2.503648
-0.273461 -0.292927 2.369616
-0.280993 -0.347682 2.333598
-0.568509 -0.303672 2.646727
-0.591138 -0.441006 2.297166
-0.552584 -0.818305 2.467905
-0.556712 -0.872361 2.393502
-0.423047 -0.308130 2.668410
-0.277978 -0.427723 2.333531
-0.363477 -0.808864 2.486178
-0.336692 -0.867127 2.428961
-0.471317 0.145161 2.575729
-0.596373 -0.444596 2.231791
-0.624472 -0.378204 2.246241
-0.287350 -0.414722 2.294719
-0.306908 -0.337931 2.357203
