-0.497044 -0.318394 2.699383
-0.486033 -0.058822 2.630305
-0.472362 0.194884 2.548487
-0.458624 0.324197 2.481118
-0.615941 0.118159 2.534283
-0.639877 -0.128588 2.433359
-0.590860 -0.338154 2.324365
-0.583734 -0.401252 2.281125
-0.319932 0.122513 2.589553
-0.255790 -0.098898 2.493680
-0.256697 -0.300059 2.364985
-0.268266 -0.350486 2.350531
-0.562158 -0.314614 2.649815
-0.590870 -0.432062 2.292885
-0.552598 -0.818135 2.467702
-0.557196 -0.872396 2.392198
-0.418657 -0.313690 2.677096
-0.278012 -0.432838 2.331838
-0.363297 -0.809479 2.488025
-0.336740 -0.867006 2.428550
-0.476229 0.132276 2.571268
-0.557280 -0.465045 2.244912
-0.560371 -0.415401 2.316278
-0.297950 -0.413588 2.319547
-0.309102 -0.368231 2.434000
