0.506760 -0.043817 2.122625
0.698508 0.206347 2.046327
0.879868 0.452771 1.957217
1.016190 0.533206 1.940036
0.673334 0.326360 1.856262
0.565523 0.075068 1.856642
0.572704 -0.144007 1.901491
0.571567 -0.181954 1.941344
0.961911 0.315761 2.154845
0.923856 0.043935 2.218683
1.108126 -0.019312 2.101269
1.105204 -0.029201 2.100291
0.461895 -0.029041 2.056437
0.533132 -0.480390 2.111958
0.545149 -0.865014 2.241655
0.628677 -0.899060 2.219869
0.534088 -0.056025 2.116962
0.486856 -0.435878 2.342467
0.471427 -0.841014 2.438918
0.508599 -0.898370 2.367947
0.835482 0.393178 1.981778
0.580325 -0.251274 1.970361
0.634895 -0.155866 1.956883
1.148725 -0.085061 2.097095
1.100410 -0.094542 2.104500
