-0.588982 0.023708 2.333220
-0.576056 0.347497 2.293114
-0.563379 0.659778 2.240471
-0.521494 0.807568 2.253573
-0.492695 0.533942 2.172266
-0.425079 0.242985 2.154351
-0.372598 0.034396 2.216767
-0.398296 -0.008159 2.269751
-0.478022 0.546134 2.422927
-0.428216 0.294134 2.235240
-0.391390 -0.011008 2.224920
-0.411802 -0.030634 2.282851
-0.589102 0.020348 2.309959
-0.680738 -0.422899 2.380556
-0.644067 -0.827779 2.423839
-0.536004 -0.844181 2.385505
-0.570842 0.025826 2.285496
-0.510262 -0.435455 2.314763
-0.534504 -0.846723 2.341650
-0.454804 -0.864764 2.376130
-0.566868 0.583115 2.256007
-0.389704 -0.047282 2.290589
-0.374256 -0.009616 2.266399
-0.389401 -0.097299 2.319752
-0.374384 -0.005421 2.277000
