-0.454885 -0.037849 2.143039
-0.445490 0.273200 2.063791
-0.430264 0.572788 1.972976
-0.476479 0.714830 1.953817
-0.518163 0.365185 2.189309
-0.740893 0.375380 2.038482
-0.610343 0.538725 1.822083
-0.600692 0.582073 1.827887
-0.343553 0.405059 1.886592
-0.525378 0.316055 1.768408
-0.606168 0.517964 1.817558
-0.603882 0.596342 1.831857
-0.475856 -0.013280 2.204306
-0.516009 -0.462517 2.285188
-0.533443 -0.816245 2.306175
-0.588142 -0.883133 2.248739
-0.418181 -0.048876 2.025393
-0.368722 -0.460572 2.200056
-0.244038 -0.830195 2.321309
-0.280132 -0.896443 2.249223
-0.434703 0.499622 1.997830
-0.598726 0.623206 1.823269
-0.594259 0.518677 1.786438
-0.639207 0.669017 1.863189
-0.627461 0.571291 1.810462
