-0.552194 -0.126061 2.185574
-0.685785 0.145021 2.050068
-0.815031 0.406677 1.902627
-0.955035 0.462863 1.873593
-0.900854 0.199884 2.118873
-0.935767 -0.013573 2.033197
-0.940550 -0.194667 1.888533
-1.004517 -0.216267 1.919072
-0.633077 0.322556 1.851718
-0.687574 0.072544 1.824844
-0.897936 -0.131234 1.888377
-0.975118 -0.174439 1.913084
-0.589614 -0.145346 2.191131
-0.590275 -0.498244 2.285926
-0.594277 -0.851974 2.309664
-0.662986 -0.901382 2.260461
-0.495940 -0.104285 2.108527
-0.318761 -0.509876 2.191595
-0.262516 -0.837966 2.303192
-0.289813 -0.899019 2.241277
-0.783735 0.342452 1.941514
-1.006313 -0.212974 1.897324
-0.997150 -0.233640 1.920000
-1.055982 -0.204627 1.953853
-1.013789 -0.155695 1.910222
