-0.541510 -0.231754 2.040683
-0.710802 0.072552 1.921247
-0.859196 0.371538 1.786330
-1.018474 0.417348 1.784541
-0.964560 0.273241 1.958161
-0.878634 -0.025275 1.966795
-0.966469 -0.215690 1.858861
-0.957757 -0.198102 1.701271
-0.649921 0.269767 1.704364
-0.698146 -0.002110 1.642686
-0.859342 -0.149795 1.671298
-0.931777 -0.176078 1.693974
-0.586378 -0.241567 2.043316
-0.563121 -0.562699 2.119004
-0.554764 -0.915443 2.147575
-0.638953 -0.938164 2.087562
-0.477744 -0.212811 1.967587
-0.366329 -0.539124 1.962101
-0.293601 -0.883666 2.093074
-0.357940 -0.938708 2.048090
-0.822486 0.298324 1.821880
-0.942752 -0.186334 1.669468
-0.981674 -0.214312 1.707062
-0.985708 -0.218857 1.716378
-0.921752 -0.202293 1.700555
