-0.300642 -0.058039 2.000507
-0.293521 0.246036 1.917306
-0.282002 0.538779 1.822060
-0.296064 0.676534 1.787501
-0.390533 0.439433 1.993861
-0.604069 0.373527 2.002124
-0.520091 0.505474 1.812887
-0.450329 0.507542 1.703495
-0.151537 0.411657 1.765803
-0.218493 0.258450 1.558793
-0.327252 0.453814 1.559083
-0.360498 0.528278 1.606735
-0.335338 -0.051266 2.069070
-0.422753 -0.464660 2.119614
-0.466160 -0.838579 2.207185
-0.532665 -0.898527 2.170517
-0.240490 -0.058994 1.850617
-0.166385 -0.461738 2.034638
-0.162599 -0.858496 2.212197
-0.194447 -0.922313 2.158243
-0.285404 0.467348 1.847980
-0.417265 0.504048 1.655123
-0.391917 0.506694 1.675091
-0.412298 0.576470 1.621165
-0.340577 0.559545 1.581406
