-0.125931 -0.090472 2.047292
-0.133522 0.225380 1.993023
-0.139695 0.529149 1.926402
-0.138136 0.673244 1.861814
-0.302410 0.420367 1.968642
-0.329808 0.144896 1.997828
-0.323950 -0.081909 1.977919
-0.305009 -0.150466 1.981655
0.023582 0.413584 1.938882
0.080780 0.147806 1.987494
0.091883 -0.078280 1.992650
0.072036 -0.118442 1.994493
-0.197738 -0.093218 2.017839
-0.230552 -0.459273 2.145538
-0.211413 -0.828496 2.305836
-0.248765 -0.902930 2.239468
-0.049509 -0.084472 2.003344
-0.017113 -0.466064 2.145488
-0.038813 -0.839046 2.267406
-0.048452 -0.914363 2.204281
-0.138305 0.454945 1.945204
-0.300558 -0.232746 1.987524
-0.343109 -0.138031 1.964837
0.072133 -0.197085 1.995917
0.101871 -0.117632 1.990071
