-0.034934 -0.229067 2.337303
0.237094 -0.024931 2.323465
0.501305 0.172634 2.296116
0.601217 0.076635 2.408914
0.296873 0.197016 2.143521
0.382010 -0.095636 2.170112
0.559596 -0.177581 2.308293
0.632017 -0.185329 2.349288
0.429855 0.244684 2.239769
0.416958 -0.063112 2.197650
0.674738 -0.193503 2.275387
0.747199 -0.249090 2.328280
-0.070369 -0.207851 2.254014
-0.079209 -0.548643 2.171769
-0.217858 -0.852429 2.276891
-0.148896 -0.905150 2.236372
0.004154 -0.243428 2.347163
0.083843 -0.549952 2.432766
0.143700 -0.900176 2.426053
0.241954 -0.873001 2.412380
0.436353 0.124151 2.305231
0.704568 -0.219765 2.391352
0.559384 -0.212523 2.326250
0.808754 -0.273990 2.321624
0.755995 -0.248538 2.209286
