-0.506610 -0.338430 2.665271
-0.492315 -0.080670 2.585326
-0.475285 0.171541 2.492874
-0.470093 0.305146 2.424514
-0.629275 0.088106 2.493767
-0.665235 -0.166060 2.435030
-0.634244 -0.352319 2.301322
-0.621317 -0.407509 2.262109
-0.325637 0.097664 2.527992
-0.269192 -0.131716 2.463634
-0.272398 -0.330378 2.346710
-0.286603 -0.380714 2.311008
-0.572496 -0.333742 2.622127
-0.620121 -0.457279 2.270188
-0.531565 -0.820899 2.406918
-0.562135 -0.878668 2.349989
-0.427082 -0.334101 2.636625
-0.283720 -0.449078 2.282327
-0.400992 -0.830927 2.413716
-0.357891 -0.879746 2.347360
-0.480004 0.109273 2.518306
-0.608183 -0.461865 2.200899
-0.585875 -0.425204 2.273602
-0.303155 -0.441874 2.249673
-0.319899 -0.393242 2.325143
