-0.506201 -0.344709 2.665334
-0.491365 -0.086395 2.587816
-0.474441 0.166451 2.497646
-0.467121 0.299757 2.425056
-0.628606 0.086031 2.496878
-0.666449 -0.167226 2.435348
-0.635524 -0.353040 2.300965
-0.622035 -0.408324 2.262885
-0.323858 0.095269 2.531499
-0.267430 -0.130880 2.466634
-0.272833 -0.327369 2.345846
-0.285737 -0.379964 2.312446
-0.572101 -0.339761 2.622030
-0.622684 -0.457097 2.268255
-0.532635 -0.820895 2.405203
-0.562216 -0.878207 2.348650
-0.426679 -0.340395 2.636958
-0.284024 -0.447650 2.284912
-0.401460 -0.830645 2.413692
-0.357764 -0.879602 2.347851
-0.479070 0.104015 2.522541
-0.609148 -0.462708 2.203666
-0.583154 -0.428923 2.271787
-0.301871 -0.440465 2.250337
-0.310748 -0.372592 2.297616
