-0.506576 -0.346449 2.665472
-0.491746 -0.087936 2.589034
-0.474580 0.164925 2.499630
-0.466186 0.297242 2.426781
-0.628483 0.085495 2.498802
-0.667029 -0.167714 2.437590
-0.635680 -0.352855 2.302308
-0.622182 -0.409227 2.262606
-0.323613 0.094387 2.533236
-0.266785 -0.132147 2.467312
-0.272986 -0.329476 2.348098
-0.285978 -0.379996 2.312384
-0.572373 -0.341481 2.621642
-0.623833 -0.457140 2.267411
-0.532822 -0.820727 2.405482
-0.561927 -0.878145 2.350736
-0.427095 -0.342151 2.637557
-0.283108 -0.447437 2.284737
-0.401577 -0.830879 2.414078
-0.358427 -0.879586 2.348976
-0.479289 0.102499 2.524340
-0.609243 -0.463138 2.207375
-0.585874 -0.430342 2.269388
-0.304033 -0.441374 2.252196
-0.315333 -0.390463 2.324571
