-0.505742 -0.347919 2.666933
-0.489035 -0.089925 2.590858
-0.469941 0.163159 2.501546
-0.461541 0.297522 2.427359
-0.626358 0.084956 2.499513
-0.665818 -0.166783 2.438276
-0.636050 -0.351954 2.302682
-0.622670 -0.408345 2.263530
-0.320699 0.095443 2.535868
-0.266146 -0.128815 2.469054
-0.270921 -0.326439 2.350266
-0.284601 -0.378250 2.314342
-0.571512 -0.342848 2.622992
-0.623789 -0.457344 2.268486
-0.532840 -0.821492 2.405799
-0.563269 -0.878613 2.352284
-0.426378 -0.343650 2.639185
-0.283139 -0.448804 2.285270
-0.401217 -0.830721 2.414894
-0.358446 -0.879656 2.348760
-0.475103 0.100615 2.526274
-0.611628 -0.462080 2.204256
-0.589613 -0.422615 2.273618
-0.300102 -0.440611 2.251689
-0.313589 -0.386766 2.324965
