-0.505739 -0.347901 2.666992
-0.488990 -0.089820 2.590909
-0.469855 0.163360 2.501711
-0.461194 0.297446 2.427770
-0.626125 0.084824 2.499310
-0.665824 -0.167026 2.438266
-0.635949 -0.352058 2.302491
-0.622663 -0.408382 2.264518
-0.320568 0.095361 2.535853
-0.266079 -0.129025 2.468634
-0.270273 -0.325831 2.348336
-0.284415 -0.377172 2.316522
-0.571505 -0.342819 2.623164
-0.623838 -0.457163 2.268613
-0.533124 -0.821163 2.405578
-0.562894 -0.878230 2.351799
-0.426374 -0.343636 2.639165
-0.282830 -0.448925 2.284625
-0.401156 -0.831019 2.414550
-0.358502 -0.879898 2.348863
-0.475058 0.100812 2.526389
-0.612022 -0.461722 2.202434
-0.587558 -0.428315 2.265988
-0.300719 -0.441881 2.257030
-0.314542 -0.385285 2.328500
