-0.462726 -0.338823 2.668693
-0.452920 -0.086188 2.579861
-0.440931 0.160732 2.477506
-0.450783 0.302459 2.415501
-0.592066 0.082663 2.490171
-0.613490 -0.158796 2.422799
-0.610108 -0.383916 2.285716
-0.609031 -0.454027 2.242693
-0.291487 0.095700 2.503310
-0.246427 -0.133529 2.445163
-0.238565 -0.372885 2.310467
-0.237932 -0.449580 2.264959
-0.528542 -0.334797 2.630457
-0.606000 -0.448376 2.280931
-0.511068 -0.816456 2.444060
-0.534483 -0.869562 2.382898
-0.384422 -0.333851 2.635013
-0.236501 -0.452183 2.286326
-0.348399 -0.819889 2.439916
-0.310503 -0.877134 2.385402
-0.444418 0.099811 2.505466
-0.611888 -0.513334 2.193093
-0.563414 -0.465585 2.247756
-0.236578 -0.504988 2.203743
-0.281899 -0.458153 2.252999
