-0.064671 -0.027229 2.089047
-0.115995 0.275431 2.004258
-0.170919 0.567085 1.904263
-0.251834 0.683590 1.837830
-0.305206 0.433752 1.998768
-0.337117 0.202278 2.090475
-0.405590 0.031276 2.003840
-0.446813 0.002004 1.982300
-0.007602 0.474521 1.886722
0.125398 0.240295 1.922724
0.155271 0.010666 1.968384
0.136720 -0.047823 1.981334
-0.134069 -0.032868 2.074452
-0.148974 -0.396253 2.194070
-0.126864 -0.759190 2.333237
-0.156661 -0.834147 2.256538
0.006888 -0.021268 2.031126
0.091172 -0.394146 2.166910
0.130963 -0.757089 2.319116
0.150698 -0.829282 2.250367
-0.157273 0.495802 1.931588
-0.489267 -0.052185 1.929761
-0.417805 -0.008964 1.915100
0.138411 -0.123999 2.003115
0.166538 -0.069241 1.965722
