-0.008778 0.061136 2.404698
0.008705 0.382033 2.312823
0.023226 0.690123 2.203160
0.132334 0.786696 2.205110
-0.057077 0.537527 2.111699
0.050497 0.312675 2.129047
0.194926 0.241330 2.232744
0.174655 0.231680 2.288651
0.130985 0.635019 2.353393
0.128820 0.365903 2.285288
0.191796 0.103600 2.290366
0.213007 0.016800 2.295973
-0.052260 0.044191 2.331983
-0.086238 -0.401963 2.336416
-0.098669 -0.769928 2.346057
-0.055425 -0.828266 2.268905
0.034870 0.076252 2.403645
0.013813 -0.290793 2.425123
0.013690 -0.633845 2.727942
0.072226 -0.652485 2.778836
0.019837 0.614899 2.232916
0.173479 0.204061 2.336385
0.184272 0.239039 2.285000
0.208169 0.003145 2.323192
0.194835 0.023466 2.277486
