0.537764 -0.029851 1.912262
0.701086 0.193080 1.794194
0.852040 0.406645 1.663893
0.968674 0.494627 1.628823
0.651493 0.342683 1.641840
0.727466 0.081883 1.602669
0.855987 -0.134108 1.674880
0.887414 -0.163245 1.683910
1.008194 0.278767 1.925522
1.193392 0.231332 1.895738
1.433776 0.172591 1.868069
1.504670 0.156073 1.863042
0.468895 -0.009465 1.865450
0.417392 -0.449831 1.976166
0.314706 -0.826347 2.130946
0.372091 -0.881790 2.077208
0.585888 -0.051456 1.885459
0.595287 -0.418643 1.902844
0.569705 -0.547770 2.208095
0.614096 -0.629517 2.198517
0.816359 0.354057 1.699066
0.937656 -0.170837 1.674855
0.860716 -0.176488 1.761800
1.496119 0.157314 1.846675
1.461965 0.135188 1.823615
