0.492469 -0.069545 1.940367
0.678301 0.175541 1.814159
0.853515 0.409708 1.678136
0.982251 0.495256 1.657047
0.648186 0.344222 1.652636
0.724987 0.083830 1.612045
0.853346 -0.133714 1.674587
0.887107 -0.161887 1.685414
1.019901 0.260484 1.976269
1.201756 0.199407 1.960000
1.438139 0.123156 1.949621
1.507865 0.101549 1.949592
0.424820 -0.044694 1.879151
0.317579 -0.499352 2.029020
0.322268 -0.825451 2.125939
0.367647 -0.877002 2.075661
0.550704 -0.099789 1.936426
0.580696 -0.567175 2.238541
0.520843 -0.953686 2.597285
0.572625 -0.910361 2.479575
0.811258 0.352310 1.713730
0.936665 -0.173316 1.674337
0.860687 -0.177239 1.762250
1.499475 0.103035 1.933081
1.464039 0.080019 1.911098
