0.419072 -0.050990 1.900133
0.441880 0.252868 1.815499
0.466196 0.557434 1.709280
0.568991 0.659451 1.682245
0.345914 0.421257 1.648514
0.462269 0.176678 1.595236
0.657748 0.216651 1.634224
0.714873 0.254397 1.652385
0.642145 0.390882 2.008493
0.608916 0.218930 1.859019
0.750184 0.351765 1.865283
0.747942 0.353051 1.823616
0.362290 -0.054111 1.844512
0.358099 -0.463138 2.006406
0.316998 -0.827303 2.126389
0.373801 -0.880182 2.072873
0.459919 -0.045945 1.883813
0.535903 -0.422930 2.158292
0.552394 -0.742694 2.272386
0.626928 -0.786599 2.280429
0.461563 0.481788 1.739363
0.780075 0.284748 1.675407
0.686777 0.275385 1.650261
0.771454 0.379018 1.799874
0.753045 0.336733 1.750909
