0.394502 -0.064456 2.027165
0.452796 0.259490 1.931037
0.507082 0.570310 1.825927
0.611745 0.670938 1.801095
0.358387 0.442473 1.746903
0.356213 0.170117 1.708573
0.553808 0.039898 1.818667
0.586546 0.029266 1.838586
0.682805 0.404253 2.125014
0.725454 0.144985 2.124756
0.890984 0.041745 2.123834
0.927120 0.018733 2.124133
0.343762 -0.056052 1.952091
0.302816 -0.440033 2.011894
0.315749 -0.822160 2.121662
0.365959 -0.883092 2.067777
0.431171 -0.070670 2.031661
0.485811 -0.458361 2.221816
0.440828 -0.809114 2.271656
0.499953 -0.839402 2.253314
0.494077 0.494545 1.854007
0.645297 0.002931 1.880746
0.613877 0.026058 1.798555
0.979271 -0.010212 2.100713
0.890011 0.048934 2.079938
