-0.033162 -0.013267 2.072417
-0.027549 0.293916 1.982041
-0.022953 0.589424 1.878764
-0.095861 0.711756 1.834962
-0.155092 0.498573 2.004288
-0.204093 0.244918 2.078314
-0.213167 0.015779 2.116080
-0.216150 -0.040284 2.120801
0.111848 0.468818 1.842112
0.186591 0.205104 1.845408
0.174531 -0.022824 1.871319
0.149690 -0.093275 1.881878
-0.098296 -0.004724 2.073823
-0.106003 -0.403614 2.189893
-0.099172 -0.772482 2.319782
-0.117280 -0.843784 2.242522
0.031301 -0.021310 1.997102
0.107141 -0.423303 2.143552
0.131191 -0.771223 2.306930
0.150717 -0.836201 2.238884
-0.024090 0.517292 1.906876
-0.224703 -0.099016 2.122006
-0.244645 -0.066017 2.107083
0.138274 -0.168760 1.902388
0.178085 -0.091267 1.860174
