-0.032714 -0.053654 2.164873
-0.154867 0.206961 2.031485
-0.272637 0.454212 1.886442
-0.368494 0.514741 1.775190
-0.415328 0.312211 1.974636
-0.567068 0.112021 2.055109
-0.697180 -0.031924 2.075668
-0.759940 -0.066623 2.096942
-0.112065 0.423808 1.905413
0.081363 0.265050 1.997626
0.210468 0.068409 2.096120
0.208471 0.024861 2.112041
-0.097253 -0.081394 2.144891
-0.110254 -0.455215 2.246686
-0.117963 -0.784784 2.334491
-0.130514 -0.843769 2.244551
0.033214 -0.023922 2.111984
0.112840 -0.394478 2.220469
0.185686 -0.748885 2.320529
0.190570 -0.830733 2.249710
-0.243662 0.394125 1.925205
-0.841573 -0.107818 2.106750
-0.811220 -0.083738 2.068844
0.231092 -0.025358 2.135432
0.158142 -0.045452 2.069909
