0.233712 0.012914 2.165936
0.248829 0.336902 2.104301
0.268782 0.653415 2.025260
0.376778 0.758914 2.024203
0.147199 0.519823 1.926136
0.102546 0.268083 1.810888
0.113818 0.048306 1.717105
0.116278 -0.015469 1.685443
0.354047 0.529117 2.180750
0.389826 0.369578 2.308539
0.241035 0.273794 2.095134
0.267806 0.198155 2.017860
0.182578 0.003522 2.086260
0.276432 -0.427622 2.175531
0.290697 -0.787087 2.268079
0.366455 -0.834961 2.207031
0.277116 0.022365 2.171963
0.164578 -0.410124 2.361789
0.135153 -0.745986 2.423497
0.179472 -0.798633 2.376189
0.262536 0.576453 2.046821
0.125589 -0.075392 1.652310
0.138053 -0.037973 1.626846
0.223225 0.151484 1.963462
0.310077 0.153963 2.066059
