-0.095461 -0.096087 2.066730
-0.199191 0.194862 1.926682
-0.287317 0.478240 1.773980
-0.381994 0.582820 1.706075
-0.409111 0.317097 1.919708
-0.459172 0.116076 2.017768
-0.527567 -0.075118 2.039151
-0.580596 -0.140648 2.049885
-0.130630 0.402961 1.768948
0.026030 0.183671 1.806421
0.042591 -0.049326 1.858469
0.042626 -0.094652 1.878956
-0.158306 -0.108535 2.060387
-0.153842 -0.458982 2.182245
-0.138586 -0.790587 2.263305
-0.178637 -0.863903 2.179267
-0.030766 -0.076582 1.997567
0.034563 -0.443187 2.150946
0.141790 -0.795922 2.239553
0.143429 -0.855238 2.164048
-0.266248 0.408956 1.814108
-0.630677 -0.197003 2.058413
-0.569714 -0.181002 2.049353
0.041676 -0.167166 1.907295
0.058729 -0.109314 1.855308
