-0.157349 -0.099599 2.319031
0.107399 0.119714 2.268056
0.358275 0.336496 2.201534
0.508981 0.341157 2.230755
0.167357 0.318097 2.096304
0.199858 0.066599 2.026385
0.354463 -0.106516 2.058303
0.412619 -0.134435 2.082690
0.331699 0.148616 2.413327
0.243653 -0.089139 2.491485
0.275205 -0.277883 2.528260
0.309278 -0.272098 2.537149
-0.189762 -0.061081 2.203396
-0.105552 -0.432316 2.307450
-0.061526 -0.765425 2.374212
0.019241 -0.812177 2.317024
-0.120061 -0.134870 2.361193
-0.003013 -0.436956 2.495615
-0.165922 -0.688601 2.276497
-0.085525 -0.747285 2.268715
0.297807 0.282746 2.224520
0.484092 -0.185628 2.109485
0.431148 -0.176991 2.103110
0.297714 -0.295316 2.559297
0.327191 -0.261571 2.492250
