0.034597 -0.043244 2.375119
0.139424 0.284470 2.267305
0.237007 0.600763 2.147230
0.350982 0.700133 2.155877
0.082811 0.499449 2.076080
-0.035789 0.259769 2.036449
-0.003449 0.013034 2.066804
-0.015325 -0.030488 2.083525
0.293389 0.411560 2.252321
0.311139 0.192292 2.393666
0.325050 -0.014977 2.451392
0.340413 -0.095397 2.463973
-0.020162 -0.010206 2.289974
-0.080517 -0.402854 2.275258
-0.088279 -0.759960 2.341080
-0.078346 -0.836332 2.250626
0.088303 -0.074407 2.386536
0.100804 -0.405298 2.507671
0.071752 -0.717768 2.578982
0.150366 -0.758588 2.565097
0.213157 0.523932 2.179266
0.001144 -0.086256 2.110320
0.013108 -0.044595 2.050714
0.347512 -0.166535 2.483871
0.327134 -0.133789 2.487667
