-0.298689 -0.089714 2.248598
-0.298333 0.196665 2.146055
-0.295247 0.473786 2.031049
-0.385027 0.566934 1.966229
-0.404982 0.384994 2.141313
-0.445554 0.154283 2.307801
-0.450505 -0.064145 2.310265
-0.476449 -0.084913 2.334148
-0.173212 0.373093 2.009060
-0.068744 0.149966 2.021117
-0.062349 -0.066251 2.046001
-0.058661 -0.143288 2.069984
-0.358533 -0.083488 2.239605
-0.389567 -0.393213 2.281629
-0.415119 -0.775097 2.357414
-0.465625 -0.831288 2.321916
-0.229244 -0.093296 2.187238
-0.183617 -0.382468 2.299430
-0.184297 -0.709628 2.442447
-0.200343 -0.806466 2.375449
-0.296422 0.405934 2.061992
-0.477143 -0.110510 2.334738
-0.462037 -0.088815 2.301222
-0.072768 -0.211877 2.086941
-0.091053 -0.160445 2.058941
