-0.412092 -0.173933 1.920987
-0.403173 0.109581 1.841457
-0.388764 0.383440 1.748392
-0.389272 0.501282 1.663721
-0.558093 0.306735 1.796137
-0.611881 0.058934 1.869343
-0.621501 -0.157964 1.830974
-0.619684 -0.170603 1.815347
-0.233843 0.295877 1.781300
-0.187924 0.061674 1.806211
-0.186573 -0.154462 1.757826
-0.197477 -0.204764 1.742554
-0.478797 -0.173653 1.885980
-0.470129 -0.459653 2.019990
-0.455965 -0.787812 2.253735
-0.502050 -0.866106 2.202552
-0.330452 -0.167819 1.886422
-0.293953 -0.497943 1.948041
-0.286753 -0.839122 2.027161
-0.270521 -0.923357 1.954319
-0.393123 0.316433 1.773872
-0.615280 -0.235723 1.801675
-0.592476 -0.187557 1.792592
-0.214754 -0.277441 1.742134
-0.230237 -0.182851 1.773813
