-0.602427 -0.058472 2.163949
-0.596377 0.231187 2.103142
-0.586030 0.510009 2.027569
-0.661135 0.627374 2.020909
-0.759202 0.429586 2.174349
-0.800893 0.243953 2.047674
-0.760066 0.276945 1.974238
-0.719026 0.298862 1.918242
-0.478362 0.374938 1.950290
-0.488674 0.170796 1.847815
-0.668966 0.269918 1.898320
-0.710083 0.293187 1.915624
-0.647924 -0.055985 2.154028
-0.653345 -0.378633 2.356729
-0.469803 -0.738537 2.435882
-0.561398 -0.767802 2.456922
-0.531983 -0.061039 2.106067
-0.489379 -0.381836 2.149279
-0.459941 -0.770869 2.269842
-0.519702 -0.849860 2.222186
-0.588768 0.442107 2.048520
-0.692899 0.306721 1.897976
-0.747359 0.326876 1.904185
-0.773827 0.323110 1.941347
-0.718241 0.257484 1.928889
