0.015299 -0.145367 1.922210
0.067048 0.171893 1.835843
0.116889 0.477541 1.736193
0.160021 0.615863 1.753250
0.081693 0.304619 1.637860
0.124021 0.055410 1.608761
0.243887 -0.113465 1.666698
0.287856 -0.153690 1.695029
0.180779 0.280837 1.660914
0.122737 0.125714 1.835471
0.308434 0.054062 2.039310
0.331577 0.029671 2.107233
-0.050122 -0.140166 1.844014
0.096628 -0.473196 1.916067
0.023476 -0.852001 2.046133
0.089877 -0.894282 2.038868
0.080055 -0.145173 1.929406
0.224889 -0.425950 2.136422
-0.000397 -0.767024 2.187293
0.046820 -0.849084 2.099746
0.104742 0.402885 1.763286
0.318575 -0.205916 1.718128
0.315680 -0.146056 1.684237
0.382169 -0.009349 2.137441
0.346839 -0.003437 2.127389
