-0.013706 0.025716 2.352056
-0.003041 0.301942 2.276194
0.013983 0.568835 2.186866
0.082901 0.664594 2.163913
-0.118076 0.448923 2.137231
-0.226000 0.236404 2.146712
-0.189432 0.007321 2.133399
-0.189429 -0.053232 2.136057
0.123303 0.433800 2.308592
0.158531 0.225475 2.404690
0.235073 0.045987 2.360296
0.253145 -0.008833 2.345470
-0.057293 0.022980 2.286679
-0.022893 -0.386180 2.282120
0.003811 -0.753888 2.439749
0.019290 -0.795276 2.342147
0.030724 0.027570 2.348475
0.082077 -0.270880 2.475725
0.052151 -0.701119 2.540670
0.100630 -0.749472 2.451951
0.009242 0.503465 2.211076
-0.168219 -0.119300 2.144325
-0.157519 -0.041732 2.139000
0.270242 -0.071986 2.348295
0.244063 -0.016152 2.302750
