-0.544539 -0.112647 1.972942
-0.544430 0.181926 1.878167
-0.535074 0.466497 1.772712
-0.488107 0.581819 1.761192
-0.701753 0.461328 1.814261
-0.782326 0.360739 1.578015
-0.751847 0.551025 1.712693
-0.739518 0.586703 1.754953
-0.555893 0.321239 1.694529
-0.747592 0.352072 1.585616
-0.728643 0.578469 1.756648
-0.732673 0.612743 1.768613
-0.578073 -0.121853 1.927505
-0.472981 -0.426904 2.135285
-0.420539 -0.808819 2.308064
-0.428067 -0.883837 2.272814
-0.491544 -0.097812 1.952625
-0.535131 -0.458491 1.926762
-0.482735 -0.856474 2.009122
-0.554776 -0.921965 1.997786
-0.538263 0.397309 1.801422
-0.714134 0.635379 1.775675
-0.770964 0.604513 1.731857
-0.709931 0.634266 1.784150
-0.765750 0.611457 1.737000
