-0.061055 -0.231207 2.128987
-0.081460 0.048329 2.065645
-0.100322 0.320018 1.990134
-0.048620 0.430735 1.974252
-0.188042 0.188294 1.928107
-0.208175 -0.044859 1.911553
-0.138442 -0.239763 1.901282
-0.122605 -0.268847 1.904626
0.013791 0.218192 2.118911
0.054383 -0.031573 2.226723
0.098863 -0.229904 2.250745
0.087031 -0.255628 2.257349
-0.112237 -0.236511 2.058175
-0.049433 -0.571788 2.082182
0.039869 -0.901730 2.151780
0.100023 -0.930572 2.097238
-0.008036 -0.218939 2.134696
-0.011115 -0.416284 2.274984
-0.152483 -0.790470 2.375021
-0.149664 -0.883899 2.327720
-0.095835 0.253254 2.011129
-0.109412 -0.303222 1.908448
-0.146854 -0.249911 1.867917
0.090789 -0.277442 2.263013
0.106600 -0.246013 2.236743
