-0.254197 -0.331260 1.730912
-0.256582 -0.047467 1.674717
-0.256826 0.227554 1.603968
-0.200900 0.351991 1.576415
-0.376460 0.112882 1.560072
-0.450908 -0.127908 1.577404
-0.450099 -0.333509 1.552543
-0.445143 -0.361233 1.554775
-0.102473 0.121509 1.701850
-0.090856 -0.120359 1.765718
-0.076146 -0.325082 1.772244
-0.086757 -0.355173 1.770239
-0.308427 -0.322582 1.673725
-0.319031 -0.588720 1.655587
-0.325413 -0.882358 1.700804
-0.282752 -0.920543 1.610431
-0.190675 -0.327913 1.724145
-0.219177 -0.648216 1.852462
-0.289354 -0.919944 1.944680
-0.279723 -0.965235 1.850315
-0.257049 0.160086 1.623946
-0.431169 -0.405353 1.565586
-0.473404 -0.364094 1.540692
-0.102564 -0.395974 1.768184
-0.059325 -0.358535 1.785167
