-0.378593 -0.242943 2.068527
-0.368184 0.024938 2.021311
-0.355265 0.285366 1.962422
-0.380144 0.395243 1.888024
-0.521514 0.211067 2.004845
-0.601399 0.034220 1.914380
-0.424586 0.085767 1.699783
-0.394732 0.071685 1.698813
-0.215943 0.200601 1.941277
-0.132709 0.027888 1.839915
-0.239506 0.181042 1.739950
-0.279218 0.178750 1.730852
-0.441338 -0.238674 2.045888
-0.486501 -0.495998 2.114049
-0.505247 -0.829694 2.215767
-0.550378 -0.905782 2.182855
-0.303831 -0.239734 2.027472
-0.242911 -0.490582 2.126568
-0.217854 -0.832604 2.265838
-0.208946 -0.907964 2.216432
-0.358897 0.221341 1.979205
-0.356016 0.081152 1.688954
-0.380150 0.127251 1.731625
-0.295436 0.185492 1.719596
-0.277623 0.165882 1.701857
