-0.185099 -0.249598 2.280496
-0.183892 0.081506 2.235809
-0.187427 0.402873 2.180644
-0.096319 0.500575 2.235687
-0.201781 0.276357 2.142295
-0.077797 0.026123 2.127568
-0.000134 -0.144737 2.204681
-0.013571 -0.165933 2.217364
-0.170026 0.290929 2.352802
-0.119065 0.252950 2.608351
-0.058274 0.152162 2.818720
-0.038191 0.118941 2.892399
-0.188732 -0.232039 2.232842
-0.157922 -0.518747 2.231861
-0.267116 -0.860098 2.258564
-0.233776 -0.915282 2.203650
-0.176986 -0.260197 2.262995
-0.272118 -0.523752 2.445098
-0.462650 -0.761846 2.409487
-0.370030 -0.778723 2.431001
-0.186301 0.324004 2.196349
-0.007543 -0.224129 2.248904
-0.056916 -0.149057 2.209111
-0.030558 0.087496 2.897802
-0.038160 0.151247 2.869599
