-0.096242 -0.209349 2.196995
-0.112074 0.079208 2.134238
-0.125581 0.359404 2.061839
-0.063273 0.471952 2.064239
-0.200692 0.219059 1.979609
-0.215000 -0.018231 1.957579
-0.138918 -0.211210 1.953185
-0.127410 -0.228234 1.985447
-0.042014 0.259117 2.195869
0.021921 0.008402 2.293545
0.097414 -0.175567 2.339073
0.106751 -0.174366 2.333740
-0.133585 -0.206283 2.121580
-0.188899 -0.468259 2.116820
-0.362195 -0.826391 2.217082
-0.335468 -0.910398 2.214643
-0.055577 -0.205516 2.207187
-0.065086 -0.498526 2.337706
-0.064661 -0.797948 2.410626
-0.006113 -0.871360 2.377671
-0.122443 0.290591 2.081845
-0.099292 -0.296402 2.001923
-0.177295 -0.225985 2.009290
0.134486 -0.221357 2.335893
0.080857 -0.196292 2.302250
