0.009156 -0.208908 2.411308
0.041348 0.102674 2.299657
0.056452 0.410113 2.179984
0.153040 0.506377 2.240993
0.060837 0.251057 2.131133
0.148191 0.003729 2.116111
0.220245 -0.172823 2.184227
0.221998 -0.220223 2.234750
0.139252 0.309848 2.313895
0.183058 0.031676 2.269585
0.195364 -0.246140 2.290984
0.179310 -0.377260 2.374820
-0.021305 -0.203801 2.352820
-0.016816 -0.518224 2.424101
-0.041025 -0.821831 2.433271
-0.001819 -0.868497 2.437971
0.039272 -0.208901 2.405972
0.108767 -0.495880 2.442844
0.132542 -0.789420 2.594903
0.173068 -0.842445 2.581722
0.056186 0.332768 2.215598
0.232595 -0.267117 2.244220
0.245931 -0.204534 2.186357
0.183918 -0.381749 2.373030
0.177738 -0.373953 2.354000
