0.526425 -0.207052 2.309931
0.523773 0.100717 2.270557
0.504344 0.392200 2.208282
0.554684 0.522965 2.235615
0.478106 0.257422 2.149506
0.546658 0.006627 2.123374
0.629501 -0.176646 2.153474
0.633616 -0.207780 2.169834
0.561620 0.257789 2.115884
0.445044 0.048874 2.089179
0.387822 -0.074230 2.233952
0.435552 -0.099368 2.254797
0.454467 -0.189408 2.267165
0.498847 -0.458335 2.318195
0.424065 -0.829174 2.421589
0.468899 -0.881241 2.413254
0.583768 -0.214636 2.286734
0.504204 -0.415432 2.542069
0.548112 -0.823488 2.591060
0.597102 -0.866047 2.575722
0.510801 0.320985 2.226530
0.659231 -0.246044 2.193594
0.608172 -0.219724 2.217728
0.425306 -0.155819 2.270568
0.441864 -0.127677 2.211010
