-0.257053 -0.265370 2.076767
-0.231648 0.057265 2.020942
-0.206621 0.373070 1.957212
-0.177410 0.508322 2.004046
-0.248298 0.205158 1.902500
-0.196342 -0.058391 1.888070
-0.126965 -0.248451 1.919668
-0.123440 -0.270182 1.941867
-0.105040 0.287988 2.070891
-0.088237 0.080416 2.243677
-0.103538 0.001051 2.497852
-0.098534 -0.005837 2.576250
-0.292272 -0.251982 2.004767
-0.282160 -0.521301 2.063409
-0.306582 -0.870528 2.135060
-0.275032 -0.937219 2.093485
-0.214023 -0.271175 2.085093
-0.194041 -0.437556 2.315068
-0.259578 -0.811852 2.450444
-0.195800 -0.852889 2.489007
-0.212840 0.295331 1.974505
-0.111937 -0.294977 1.951668
-0.147830 -0.293652 1.948334
-0.089261 -0.016317 2.599904
-0.088900 -0.019716 2.588947
