0.658697 -0.273252 1.979932
0.633983 0.028164 1.906973
0.607933 0.323060 1.823672
0.744270 0.402358 1.851835
0.607089 0.165952 1.771756
0.670984 -0.066411 1.727818
0.841907 -0.176065 1.713150
0.873725 -0.161004 1.718666
0.715792 0.249137 1.962246
0.885761 0.064538 2.037400
1.079401 0.030380 1.979550
1.145345 0.019101 1.963532
0.617625 -0.274850 1.915566
0.592044 -0.523995 1.971256
0.576731 -0.896562 2.112640
0.636195 -0.954253 2.108578
0.684141 -0.265911 1.979233
0.554947 -0.523083 2.168783
0.551381 -0.903291 2.320935
0.642374 -0.918188 2.264780
0.614837 0.250703 1.846361
0.910643 -0.170311 1.731883
0.875634 -0.134231 1.708909
1.147826 0.016301 1.957743
1.150697 0.014295 1.956223
