0.602897 -0.238038 2.105911
0.638969 0.056202 2.053704
0.666550 0.345351 1.992471
0.701930 0.475094 1.994656
0.544092 0.219501 1.916249
0.495250 -0.046249 1.895115
0.498463 -0.252695 1.885901
0.486131 -0.263279 1.897399
0.783638 0.236230 2.193728
0.799942 -0.044226 2.155951
0.931317 -0.192925 2.098992
0.976338 -0.242553 2.083338
0.554431 -0.218356 2.036305
0.522413 -0.527254 2.051383
0.444174 -0.877636 2.168550
0.477051 -0.943359 2.126953
0.633634 -0.250047 2.113600
0.521495 -0.568939 2.214849
0.613898 -0.854700 2.256543
0.666694 -0.896520 2.184553
0.660443 0.274121 2.009382
0.486545 -0.299259 1.904603
0.516973 -0.267699 1.913933
0.996527 -0.243511 2.070724
0.992945 -0.239722 2.063504
