0.655966 -0.080252 2.351303
0.732255 0.242559 2.300342
0.803801 0.557867 2.239079
0.946693 0.647656 2.249937
0.665479 0.406947 2.121458
0.772657 0.177799 2.067394
0.962419 0.050937 2.157554
1.009292 -0.002395 2.186070
0.924580 0.359365 2.380783
0.941462 0.057505 2.420562
1.106700 -0.089988 2.415526
1.109228 -0.092086 2.488210
0.587342 -0.075384 2.296598
0.548700 -0.461980 2.259430
0.498967 -0.828748 2.301181
0.510169 -0.891370 2.233813
0.705614 -0.082296 2.338609
0.557453 -0.436821 2.493276
0.613773 -0.870923 2.487650
0.673633 -0.855098 2.515960
0.786710 0.480379 2.256309
1.059504 -0.077609 2.210531
1.032252 0.003312 2.187700
1.146961 -0.114848 2.547518
1.074400 -0.090676 2.452750
