-0.004967 -0.088170 2.175964
-0.013662 0.210836 2.112870
-0.021848 0.499888 2.037384
-0.017100 0.620819 1.967534
-0.202276 0.372522 2.025368
-0.255838 0.121921 2.069350
-0.258780 -0.103838 2.065803
-0.254211 -0.164647 2.067373
0.115449 0.417609 2.044209
0.245887 0.229607 2.029407
0.147064 0.419180 1.948630
0.097657 0.461000 1.976735
-0.085436 -0.092618 2.122662
-0.125709 -0.442529 2.230842
-0.114597 -0.788098 2.362822
-0.114796 -0.879872 2.300219
0.075617 -0.080841 2.158381
0.119926 -0.444550 2.255031
0.164610 -0.787303 2.378366
0.199486 -0.868140 2.338505
-0.019866 0.429090 2.058415
-0.244000 -0.238347 2.075406
-0.276080 -0.173003 2.051125
0.038453 0.534765 1.897274
0.055955 0.414319 2.023947
