0.034037 -0.101675 2.245372
0.039948 0.201650 2.140200
0.045115 0.495965 2.023130
0.139918 0.592655 1.986489
-0.095160 0.377024 1.976630
-0.206254 0.131244 1.974236
-0.183825 -0.104812 1.971155
-0.161596 -0.167486 1.961234
0.146994 0.397805 2.186335
0.225880 0.266593 2.425892
0.433338 0.189141 2.449337
0.459063 0.168028 2.451045
-0.028378 -0.105213 2.168720
-0.099135 -0.440629 2.241714
-0.108974 -0.793212 2.365623
-0.112368 -0.876619 2.302227
0.095501 -0.094828 2.251521
0.140418 -0.407636 2.412444
0.118303 -0.751625 2.617309
0.165343 -0.816477 2.575994
0.043932 0.423823 2.054534
-0.148850 -0.233738 1.963744
-0.190699 -0.175447 1.943637
0.494859 0.151433 2.469515
0.460072 0.186499 2.438250
