0.002643 -0.132138 2.497120
0.068137 0.107704 2.286481
0.130907 0.342191 2.064840
0.208278 0.432019 2.000275
0.007462 0.243568 2.065100
-0.026692 -0.010692 2.110588
0.035148 -0.220371 2.152154
0.073850 -0.320826 2.152030
0.265754 0.252990 2.288173
0.235777 0.040112 2.364886
0.188332 -0.159592 2.261018
0.164362 -0.208669 2.233725
-0.058078 -0.128873 2.416684
-0.093594 -0.494524 2.425853
-0.089690 -0.832993 2.486021
-0.089698 -0.862719 2.379859
0.062429 -0.131995 2.507414
0.020997 -0.403956 2.617791
0.072019 -0.730933 2.695434
0.131359 -0.805407 2.653687
0.115544 0.284550 2.122291
0.070723 -0.397142 2.126622
0.140451 -0.250032 2.188000
0.111444 -0.308677 2.173710
0.151485 -0.210327 2.228167
