0.237106 -0.125814 2.104927
0.245122 0.187783 2.036315
0.251744 0.490912 1.955067
0.353095 0.604915 1.938018
0.118668 0.352111 1.894933
0.033182 0.099955 1.895040
0.078393 -0.152443 1.904025
0.108931 -0.200578 1.907753
0.373237 0.336185 2.095101
0.425303 0.094089 2.216183
0.526134 -0.106831 2.212012
0.556311 -0.116443 2.196688
0.167755 -0.125204 2.015454
0.195797 -0.475796 2.006364
0.204141 -0.858082 2.123936
0.238037 -0.924805 2.089844
0.298560 -0.122538 2.123470
0.328247 -0.379008 2.259964
0.140549 -0.792180 2.372975
0.141568 -0.889410 2.305084
0.250379 0.416679 1.977515
0.118692 -0.272968 1.926113
0.141512 -0.172528 1.911800
0.585623 -0.170053 2.179254
0.549360 -0.098394 2.152167
