0.619587 -0.205814 2.060584
0.688103 0.127706 1.989341
0.749635 0.451898 1.905090
0.901778 0.533747 1.927751
0.580823 0.313535 1.827246
0.471262 0.110289 1.790299
0.696255 -0.014014 1.793759
0.728491 -0.036989 1.817575
0.873384 0.228342 2.082184
0.968858 0.059553 2.178102
1.123116 0.179056 2.061743
1.154558 0.178826 2.083505
0.551598 -0.186026 1.985460
0.474074 -0.520903 1.986108
0.405612 -0.873105 2.076097
0.413928 -0.941708 2.031838
0.667478 -0.218819 2.067750
0.691218 -0.500969 2.203139
0.558906 -0.837345 2.233513
0.610245 -0.895720 2.252800
0.735496 0.372340 1.928221
0.794513 -0.053232 1.829302
0.707108 -0.076635 1.898177
1.205001 0.177865 2.073150
1.125595 0.203839 2.062867
