0.172818 -0.120438 2.145217
0.186690 0.192133 2.070636
0.198333 0.494326 1.983745
0.245145 0.617851 1.932437
0.044105 0.365094 1.952533
-0.048593 0.118274 1.988034
-0.057915 -0.116569 1.988567
-0.041660 -0.172810 2.006230
0.367189 0.350181 2.089492
0.410138 0.092889 2.209697
0.447574 -0.122176 2.254443
0.455671 -0.186662 2.253418
0.094268 -0.115732 2.080876
-0.021404 -0.459896 2.126208
-0.129316 -0.820014 2.256023
-0.146503 -0.885818 2.193919
0.245298 -0.121299 2.139278
0.226631 -0.443182 2.262862
0.185122 -0.796798 2.375716
0.222944 -0.871773 2.334580
0.195746 0.420314 2.007597
-0.026781 -0.279657 2.025310
0.010739 -0.170163 1.997706
0.455060 -0.232370 2.256613
0.473083 -0.175409 2.233200
