-0.161497 -0.122365 2.140712
-0.151347 0.196239 2.071981
-0.142273 0.504238 1.989944
-0.235002 0.630326 1.985670
-0.264891 0.419471 2.146944
-0.297267 0.139892 2.243347
-0.295483 -0.090042 2.364054
-0.311052 -0.113986 2.389755
-0.036280 0.346544 1.878798
0.033946 0.091998 1.815041
0.010769 -0.136270 1.776890
-0.000998 -0.202558 1.763691
-0.209230 -0.117901 2.150483
-0.197763 -0.479791 2.250390
-0.117317 -0.819571 2.324986
-0.184375 -0.877019 2.314536
-0.108509 -0.122850 2.060636
-0.034455 -0.502441 2.120209
0.045452 -0.810713 2.289860
0.067520 -0.888793 2.234128
-0.144491 0.428773 2.012606
-0.320293 -0.157935 2.404884
-0.318512 -0.086919 2.377000
-0.018236 -0.261896 1.760455
-0.032768 -0.209680 1.750964
