0.092152 -0.071317 2.408319
0.116838 0.214191 2.305592
0.139998 0.489684 2.189031
0.228975 0.588744 2.148817
0.018707 0.414020 2.171214
-0.109812 0.214479 2.178877
-0.023243 0.006578 2.165084
0.017447 -0.073916 2.210433
0.282761 0.401279 2.363806
0.353488 0.242334 2.487775
0.373003 0.114539 2.296497
0.365721 0.080441 2.302341
0.026545 -0.067904 2.333821
-0.044543 -0.422679 2.327833
-0.075773 -0.797799 2.376020
-0.049428 -0.879901 2.294172
0.154665 -0.072901 2.412657
0.125668 -0.422057 2.534759
0.068531 -0.759568 2.612367
0.119396 -0.822149 2.579760
0.134411 0.422165 2.220415
0.079732 -0.148202 2.182065
-0.044738 -0.136483 2.222500
0.357122 0.009821 2.292235
0.355201 0.025455 2.293333
