0.509791 -0.118329 2.269080
0.605037 0.187825 2.189491
0.712635 0.487210 2.091208
0.799213 0.621582 2.080509
0.555786 0.373184 2.018936
0.454814 0.121191 1.999415
0.514164 -0.140586 2.027278
0.499899 -0.181963 2.064671
0.906164 0.440514 2.292615
0.603543 0.396692 2.332193
0.775901 0.153954 2.265790
0.845563 0.071140 2.237371
0.456283 -0.091213 2.205045
0.500841 -0.471323 2.231518
0.462981 -0.816552 2.311527
0.508426 -0.882040 2.280219
0.549429 -0.141267 2.265630
0.584058 -0.565619 2.239030
0.594875 -0.830185 2.515402
0.648681 -0.848635 2.533001
0.688528 0.413553 2.118793
0.501099 -0.233135 2.107608
0.481517 -0.177099 2.018583
0.913122 0.036756 2.214238
0.888554 0.094113 2.165334
