0.523850 -0.177413 1.879235
0.522785 0.131169 1.779789
0.516141 0.429916 1.668347
0.639077 0.541346 1.665386
0.420101 0.265095 1.591255
0.371553 -0.007089 1.580171
0.444758 -0.215578 1.608915
0.466632 -0.271382 1.634519
0.652124 0.274496 1.830399
0.720472 0.012774 1.947941
0.701001 -0.211786 1.928609
0.625302 -0.272221 1.972711
0.459162 -0.178778 1.822783
0.463883 -0.530475 1.878476
0.452383 -0.890122 2.017217
0.493699 -0.943779 2.002153
0.569395 -0.169540 1.868204
0.662768 -0.426137 2.081398
0.424744 -0.798248 2.237817
0.422760 -0.896211 2.199129
0.518680 0.356837 1.698305
0.505970 -0.345562 1.640954
0.484724 -0.293175 1.582981
0.634315 -0.316021 1.998920
0.608639 -0.247091 1.924000
