-0.039868 -0.121505 2.135505
-0.036936 0.186385 2.058019
-0.034980 0.484233 1.966983
-0.095362 0.604908 1.925817
-0.182990 0.382246 2.110086
-0.231691 0.146841 2.177325
-0.300304 -0.059585 2.223974
-0.311427 -0.108760 2.223211
0.101059 0.337818 1.898710
0.177740 0.080194 1.890049
0.155611 -0.158658 1.892269
0.116359 -0.214961 1.922166
-0.107693 -0.116633 2.132016
-0.119286 -0.475716 2.248150
-0.100648 -0.806883 2.349039
-0.101391 -0.886034 2.274457
0.021525 -0.125008 2.061320
0.058502 -0.481538 2.081463
0.113212 -0.824482 2.275029
0.079208 -0.891952 2.223111
-0.035460 0.411242 1.992048
-0.312162 -0.172426 2.229986
-0.281086 -0.155388 2.202667
0.116506 -0.301366 1.929736
0.063182 -0.178059 1.953811
