-0.223214 -0.027062 2.366539
-0.229499 0.292666 2.311431
-0.234934 0.602142 2.244191
-0.235832 0.746327 2.214911
-0.389493 0.459688 2.219393
-0.572144 0.446346 2.356272
-0.341458 0.243435 2.357079
-0.265429 0.176473 2.360978
-0.106844 0.491823 2.264179
-0.239037 0.271105 2.171023
-0.416028 0.183668 2.265118
-0.399995 0.134076 2.285672
-0.297998 -0.036127 2.320430
-0.273262 -0.430194 2.443549
-0.110565 -0.778764 2.575701
-0.093956 -0.826571 2.463919
-0.142320 -0.017396 2.342242
-0.155104 -0.364205 2.548460
-0.349965 -0.788389 2.415229
-0.330071 -0.835569 2.303952
-0.233762 0.526258 2.263123
-0.264486 0.172821 2.352168
-0.262888 0.174783 2.338371
-0.420167 0.109426 2.302911
-0.361058 0.076555 2.232398
