-0.180079 -0.249111 2.155727
-0.173157 0.029256 2.087147
-0.165530 0.299768 2.005307
-0.162822 0.413194 1.912799
-0.322407 0.212275 2.023903
-0.363787 -0.040948 2.065472
-0.359008 -0.256940 2.052520
-0.342794 -0.332857 2.051736
-0.017525 0.223575 2.046800
0.153348 0.050623 2.144467
0.208056 -0.152573 2.083460
0.193099 -0.200998 2.066917
-0.245408 -0.243723 2.115486
-0.291386 -0.589016 2.123472
-0.387819 -0.941011 2.223153
-0.362305 -1.001953 2.140625
-0.109016 -0.246491 2.126740
-0.108206 -0.540885 2.219444
-0.143469 -0.907392 2.327432
-0.101863 -0.988629 2.266730
-0.167593 0.233311 2.028050
-0.327870 -0.410167 2.064671
-0.382399 -0.327023 2.059429
0.186125 -0.279154 2.042869
0.167069 -0.170061 2.061250
