-0.459132 -0.208026 2.375016
-0.469078 0.142150 2.324755
-0.476010 0.482263 2.262559
-0.490792 0.624512 2.341348
-0.535053 0.306240 2.218680
-0.644667 0.158387 2.427122
-0.699880 0.043304 2.675973
-0.719267 0.005228 2.762605
-0.347280 0.273213 2.204526
-0.262900 0.009554 2.292889
-0.236918 -0.187537 2.365532
-0.253148 -0.249947 2.404909
-0.519627 -0.200860 2.354740
-0.538458 -0.582985 2.400762
-0.559851 -0.922864 2.515538
-0.563238 -0.967110 2.398099
-0.385454 -0.209183 2.327269
-0.338059 -0.592495 2.373530
-0.292072 -0.926907 2.411747
-0.298597 -0.970494 2.294017
-0.474778 0.398684 2.280221
-0.724452 -0.000493 2.771332
-0.715520 -0.000546 2.750983
-0.257816 -0.317687 2.434159
-0.289954 -0.252328 2.383250
