-0.483288 -0.239801 2.170891
-0.492508 0.076242 2.142333
-0.499043 0.383120 2.101812
-0.582744 0.493525 2.093279
-0.538253 0.168058 2.052638
-0.515758 -0.114240 1.952246
-0.565278 -0.291153 2.051058
-0.558592 -0.345248 2.067166
-0.413126 0.244287 2.014754
-0.375492 -0.042735 1.953785
-0.455046 -0.241646 1.962634
-0.470578 -0.296410 2.003110
-0.523922 -0.243938 2.165925
-0.424584 -0.617253 2.317774
-0.398696 -0.950174 2.385416
-0.505940 -0.969963 2.373788
-0.427539 -0.228194 2.108452
-0.492203 -0.591741 2.103257
-0.412971 -0.948389 2.154328
-0.460199 -1.004494 2.128282
-0.497900 0.307702 2.114063
-0.582959 -0.414635 2.086407
-0.540190 -0.363319 2.026111
-0.501353 -0.367251 2.015768
-0.417969 -0.323654 2.010313
