0.592565 -0.194402 2.329662
0.614120 0.114448 2.262952
0.646670 0.411700 2.178220
0.733397 0.527439 2.180514
0.571375 0.268145 2.104088
0.541630 -0.024913 2.054720
0.557082 -0.238706 2.068433
0.557497 -0.298273 2.118521
0.762114 0.272712 2.284294
0.800635 0.022211 2.416162
0.909718 0.199203 2.354884
0.936653 0.226689 2.325243
0.541736 -0.187740 2.257276
0.573527 -0.541367 2.292756
0.558663 -0.939171 2.353001
0.640245 -1.001539 2.316052
0.626655 -0.195664 2.331185
0.529140 -0.585630 2.450009
0.681273 -0.940635 2.586309
0.737793 -0.994141 2.539063
0.641582 0.338785 2.201280
0.554571 -0.359014 2.148826
0.601366 -0.289091 2.146857
0.978324 0.254521 2.323972
0.914411 0.198288 2.266556
