-0.189186 -0.252244 1.960871
-0.216495 0.051593 1.911604
-0.241386 0.345302 1.849050
-0.199004 0.472589 1.846995
-0.282773 0.202504 1.766168
-0.248784 -0.085355 1.734345
-0.190832 -0.290396 1.760872
-0.202191 -0.358282 1.809278
-0.105072 0.207694 1.954926
-0.051821 0.029242 2.154095
0.122683 -0.044875 2.245829
0.174848 -0.099701 2.303589
-0.237815 -0.255364 1.884802
-0.264697 -0.560551 1.938074
-0.299310 -0.948263 2.023267
-0.229502 -1.016175 2.048012
-0.135102 -0.239955 1.969097
-0.180213 -0.514064 2.113748
-0.246004 -0.911467 2.202938
-0.181446 -0.992625 2.210351
-0.235616 0.273291 1.866924
-0.164305 -0.425580 1.838238
-0.163626 -0.316481 1.848889
0.212980 -0.152957 2.335049
0.207864 -0.102657 2.317333
