-0.479621 -0.239586 2.128659
-0.476920 0.054494 2.061199
-0.471458 0.339607 1.981248
-0.549085 0.439603 1.927026
-0.617374 0.201539 2.089375
-0.641607 -0.084249 2.141282
-0.590027 -0.294327 2.122935
-0.577686 -0.326930 2.118510
-0.358026 0.210662 1.933322
-0.259679 -0.045644 1.939408
-0.271398 -0.260871 1.941860
-0.282480 -0.331495 1.962318
-0.529195 -0.233155 2.124014
-0.499284 -0.548341 2.191371
-0.492478 -0.858249 2.321330
-0.515397 -0.894634 2.357598
-0.414435 -0.238322 2.066097
-0.372006 -0.571663 2.024145
-0.389906 -0.938264 2.018572
-0.459245 -1.012827 1.962859
-0.473322 0.269583 2.003406
-0.569918 -0.368298 2.119482
-0.601278 -0.348296 2.092154
-0.284317 -0.397365 1.965288
-0.244234 -0.344201 1.945182
