-0.431776 -0.235935 2.183630
-0.448644 0.053017 2.125185
-0.459901 0.334348 2.055398
-0.476394 0.474829 2.005525
-0.601770 0.217795 2.059195
-0.623272 -0.016007 2.105025
-0.586753 -0.229480 2.091992
-0.557733 -0.305630 2.101882
-0.302170 0.237532 2.081275
-0.224820 -0.012158 2.141234
-0.199341 -0.245299 2.113317
-0.207911 -0.289038 2.120920
-0.493440 -0.235956 2.147997
-0.460800 -0.577556 2.228569
-0.432881 -0.936770 2.342797
-0.456865 -0.997622 2.273194
-0.356863 -0.228295 2.153548
-0.327696 -0.619460 2.165582
-0.291405 -0.939499 2.229731
-0.290385 -1.007216 2.164048
-0.457774 0.265187 2.074855
-0.551977 -0.384401 2.108917
-0.594669 -0.311807 2.115202
-0.193430 -0.346969 2.112536
-0.167746 -0.280383 2.106654
