-0.424649 -0.222971 2.198844
-0.419125 0.071486 2.149101
-0.412748 0.357310 2.083221
-0.491973 0.458635 2.028778
-0.568655 0.210848 2.155284
-0.580945 -0.021503 2.215867
-0.581170 -0.233835 2.243134
-0.584694 -0.300140 2.253604
-0.298162 0.248629 2.034911
-0.211935 -0.034892 2.029240
-0.229105 -0.249862 2.029138
-0.248746 -0.325447 2.030934
-0.478965 -0.220827 2.189694
-0.471363 -0.528576 2.224335
-0.432847 -0.920648 2.343704
-0.431297 -0.986699 2.262390
-0.357047 -0.218763 2.138836
-0.307141 -0.594796 2.113833
-0.246182 -0.933552 2.220402
-0.213989 -0.998047 2.140625
-0.414827 0.287209 2.101792
-0.576394 -0.365662 2.264213
-0.597254 -0.288601 2.241920
-0.257427 -0.405042 2.042132
-0.213257 -0.325156 2.023276
