0.240074 -0.195571 1.988552
0.303201 0.077910 1.924875
0.363761 0.338257 1.850426
0.423957 0.440937 1.850550
0.263527 0.211337 1.785580
0.222308 -0.083684 1.765520
0.259080 -0.331151 1.799910
0.275112 -0.386894 1.844745
0.456042 0.081803 1.761559
0.549895 -0.022883 2.056871
0.762144 -0.151524 2.089104
0.809466 -0.162665 2.026982
0.168992 -0.142326 1.918461
0.410095 -0.625532 1.955026
0.310403 -1.001509 2.047573
0.384757 -1.051318 2.034931
0.304606 -0.238976 1.993756
0.322396 -0.685885 2.150415
0.260931 -0.994752 2.218035
0.389260 -1.024197 2.190805
0.349256 0.274053 1.871215
0.292070 -0.429093 1.862566
0.229415 -0.394547 1.837483
0.830308 -0.193835 2.023554
0.807859 -0.192706 2.031111
