0.588456 -0.189052 2.302216
0.684945 0.112878 2.259734
0.776236 0.402050 2.201569
0.832183 0.495281 2.219585
0.675357 0.265473 2.126931
0.589605 -0.025568 2.101514
0.574858 -0.257487 2.130100
0.575216 -0.313718 2.151095
0.885943 0.221094 2.355724
1.059652 0.123616 2.423476
1.266847 0.171177 2.446301
1.298243 0.234615 2.436310
0.541045 -0.163324 2.230648
0.592805 -0.629189 2.230536
0.585638 -0.973923 2.208421
0.650184 -1.028215 2.162827
0.619753 -0.207754 2.306562
0.557867 -0.637698 2.489912
0.572077 -0.954953 2.556430
0.663504 -0.990492 2.444108
0.754415 0.331231 2.218267
0.579033 -0.398740 2.171921
0.615903 -0.288253 2.147351
1.312329 0.293328 2.461285
1.278599 0.257934 2.488313
