0.698123 -0.350937 1.555587
0.750073 -0.068504 1.488560
0.795072 0.203621 1.408775
0.856514 0.290318 1.374808
0.642448 0.096571 1.392473
0.502955 -0.052057 1.480806
0.524579 -0.347840 1.423914
0.508763 -0.373352 1.417438
0.884100 0.053480 1.452048
0.874984 -0.249481 1.444593
0.744944 -0.417185 1.506275
0.701885 -0.466843 1.532321
0.618613 -0.323647 1.507026
0.502107 -0.651525 1.470922
0.421270 -0.884403 1.652953
0.433090 -0.933034 1.534687
0.747065 -0.364440 1.538733
0.674401 -0.669760 1.641189
0.521460 -1.072215 1.744071
0.508628 -1.115093 1.603980
0.785096 0.136998 1.430875
0.491774 -0.456087 1.412164
0.542161 -0.372009 1.379604
0.667307 -0.542614 1.544336
0.736104 -0.447141 1.522869
