-0.485156 -0.179238 2.401351
-0.480462 0.110899 2.362828
-0.473332 0.392663 2.312538
-0.517281 0.516092 2.271116
-0.629361 0.304699 2.374730
-0.693925 0.066555 2.349105
-0.547327 0.119551 2.167038
-0.523794 0.149921 2.050046
-0.357173 0.307068 2.262346
-0.214550 0.190291 2.063912
-0.469154 0.186686 2.026885
-0.523473 0.156022 2.043448
-0.540543 -0.178650 2.387601
-0.510802 -0.581331 2.499812
-0.465452 -0.893957 2.550621
-0.515200 -0.960020 2.474431
-0.415757 -0.174800 2.348473
-0.364807 -0.572828 2.329720
-0.327143 -0.901787 2.391661
-0.326660 -0.978027 2.294922
-0.475590 0.323380 2.327262
-0.481383 0.189060 2.012466
-0.565169 0.163070 2.025267
-0.595533 0.165378 2.049814
-0.492565 0.203766 2.012750
