0.616779 -0.238803 2.111769
0.614932 0.074085 2.056030
0.609088 0.377764 1.987996
0.674681 0.501798 1.980470
0.545772 0.235918 1.918537
0.540603 -0.033471 1.863754
0.761217 -0.060916 1.983472
0.778079 -0.061669 2.000401
0.736355 0.184500 2.130321
0.507396 0.086737 2.278295
0.789387 0.137961 2.306469
0.898420 0.158353 2.329132
0.568785 -0.231664 2.028995
0.552411 -0.564955 2.082835
0.519971 -0.966586 2.131414
0.598106 -1.032861 2.113411
0.645703 -0.238614 2.128369
0.537064 -0.542037 2.329197
0.678115 -0.903096 2.459648
0.715699 -0.990802 2.384886
0.611233 0.303188 2.007122
0.793740 -0.081384 2.005853
0.761865 -0.088546 1.992667
0.925120 0.179522 2.303723
0.915341 0.196768 2.280667
