-0.399055 -0.278333 1.922071
-0.366159 0.029208 1.895055
-0.331514 0.326900 1.854497
-0.407996 0.438221 1.841321
-0.448558 0.208222 1.962404
-0.491612 -0.018052 2.071017
-0.481104 -0.263221 2.135918
-0.484704 -0.337052 2.154379
-0.267245 0.187581 1.770879
-0.257450 -0.084995 1.713079
-0.298227 -0.319963 1.711222
-0.319305 -0.391574 1.724566
-0.441304 -0.274987 1.919828
-0.415684 -0.600322 1.976123
-0.468940 -0.949516 2.098311
-0.536193 -1.007030 2.058345
-0.343072 -0.271835 1.856430
-0.325263 -0.597231 1.901781
-0.192348 -0.935338 2.088878
-0.219758 -1.011304 2.069929
-0.340486 0.253891 1.866887
-0.486209 -0.371836 2.159827
-0.473323 -0.332591 2.121732
-0.332471 -0.458535 1.735702
-0.289040 -0.355243 1.746667
