-0.088315 -0.197461 2.337342
-0.116594 0.100796 2.280662
-0.143432 0.390447 2.211550
-0.082329 0.502226 2.199444
-0.220397 0.260958 2.142169
-0.228567 -0.018965 2.097174
-0.164358 -0.240759 2.097679
-0.137589 -0.312833 2.120549
-0.020532 0.259248 2.313958
0.030582 0.012099 2.410533
0.045706 -0.209412 2.451695
0.005088 -0.207981 2.429473
-0.141414 -0.201023 2.264034
-0.132971 -0.521923 2.257017
-0.361773 -0.834815 2.390453
-0.392090 -0.935059 2.341797
-0.032378 -0.187960 2.341061
-0.036915 -0.463641 2.457061
-0.123743 -0.866481 2.494260
-0.064515 -0.958104 2.471069
-0.136946 0.319275 2.231018
-0.115894 -0.381761 2.137264
-0.149855 -0.346112 2.087036
0.007243 -0.225712 2.430712
0.005041 -0.206057 2.407000
