0.441157 -0.215477 2.324445
0.499294 0.093589 2.267444
0.555503 0.392509 2.195009
0.649552 0.495205 2.187074
0.442554 0.259530 2.130046
0.422718 -0.031855 2.103036
0.493274 -0.230442 2.134765
0.513126 -0.302824 2.180131
0.675902 0.261431 2.297069
0.770085 0.051569 2.355038
1.003304 -0.087222 2.254969
1.031836 -0.101661 2.250468
0.387586 -0.195372 2.239499
0.517509 -0.588982 2.303187
0.404973 -0.952174 2.347994
0.490869 -0.991754 2.328301
0.482566 -0.229556 2.340621
0.459256 -0.578195 2.461027
0.560921 -0.953601 2.522830
0.658331 -0.996500 2.501243
0.541865 0.319151 2.215418
0.543347 -0.370360 2.210770
0.463847 -0.318594 2.181867
1.094400 -0.142618 2.250463
1.016022 -0.117846 2.219875
