0.376693 -0.198042 2.407947
0.395244 0.093220 2.338126
0.409848 0.376965 2.256506
0.384221 0.500254 2.209385
0.242150 0.262157 2.297466
0.181592 0.052799 2.336668
0.243568 -0.084134 2.171397
0.251996 -0.097266 2.153565
0.526634 0.254899 2.231748
0.605833 0.056165 2.325141
0.570690 -0.111721 2.162406
0.565496 -0.132903 2.158178
0.308585 -0.190188 2.383549
0.234440 -0.530930 2.438605
0.169058 -0.889786 2.498615
0.084527 -0.951648 2.423948
0.434012 -0.200199 2.363292
0.489612 -0.529587 2.461751
0.532262 -0.898903 2.627930
0.608578 -0.969302 2.573249
0.406768 0.307137 2.279030
0.263326 -0.114733 2.135422
0.306344 -0.119639 2.199143
0.569520 -0.179897 2.148573
0.546762 -0.108189 2.132711
