-0.512680 -0.181008 2.360997
-0.576558 0.107839 2.294429
-0.639768 0.393921 2.227136
-0.718533 0.505972 2.214130
-0.762557 0.257462 2.321365
-0.743727 -0.030804 2.367744
-0.952344 -0.153323 2.197707
-0.993529 -0.181744 2.163765
-0.539635 0.268035 2.158834
-0.701580 0.023814 2.127501
-0.868222 -0.105503 2.146468
-0.910507 -0.114417 2.143734
-0.551440 -0.186008 2.352791
-0.540999 -0.590518 2.459802
-0.574786 -0.884347 2.522868
-0.610343 -0.947410 2.473530
-0.457134 -0.172228 2.298109
-0.381562 -0.533390 2.254662
-0.267693 -0.905463 2.303636
-0.296361 -0.984524 2.238055
-0.624224 0.323386 2.245446
-1.047946 -0.253916 2.160979
-1.005062 -0.236589 2.164000
-0.988304 -0.158925 2.136477
-0.967865 -0.140103 2.121334
