-0.367604 -0.201277 2.275319
-0.408853 0.092281 2.217510
-0.446359 0.377567 2.148023
-0.404085 0.496974 2.135633
-0.493535 0.236019 2.073140
-0.426368 0.012883 2.034523
-0.219741 0.077039 2.054343
-0.150734 0.121529 2.066237
-0.319047 0.266969 2.279569
-0.226024 0.047307 2.292760
-0.127966 0.115903 2.092791
-0.132454 0.126553 2.075874
-0.406383 -0.206164 2.195702
-0.424912 -0.515404 2.284173
-0.469657 -0.901430 2.347143
-0.378114 -0.969282 2.334174
-0.317274 -0.190390 2.286416
-0.347078 -0.558311 2.438135
-0.360188 -0.906830 2.525685
-0.280747 -0.961496 2.490128
-0.437590 0.307448 2.167506
-0.096069 0.143173 2.072721
-0.188623 0.128421 2.023682
-0.085224 0.140313 2.053724
-0.162951 0.117984 2.025062
