-0.314521 -0.206701 2.340875
-0.338617 0.099106 2.273859
-0.366879 0.395062 2.190816
-0.295909 0.504885 2.193295
-0.422014 0.251015 2.107204
-0.406242 -0.031255 2.070890
-0.340603 -0.234294 2.097533
-0.342096 -0.310516 2.136163
-0.254933 0.293751 2.320010
-0.431331 0.059465 2.277581
-0.416550 -0.231736 2.292167
-0.472144 -0.241622 2.223492
-0.353798 -0.207198 2.261588
-0.392511 -0.543948 2.294576
-0.469803 -0.919675 2.366017
-0.387124 -0.971563 2.366663
-0.266848 -0.199932 2.352116
-0.263075 -0.478813 2.509583
-0.281159 -0.752239 2.633806
-0.254692 -0.859026 2.605453
-0.360133 0.322347 2.213959
-0.323480 -0.386647 2.142226
-0.349352 -0.340203 2.089074
-0.464512 -0.285235 2.216396
-0.440591 -0.279701 2.257868
