-0.313474 -0.174698 2.604944
-0.289209 0.118541 2.528598
-0.262349 0.403344 2.439254
-0.320638 0.501194 2.386987
-0.396880 0.281933 2.531497
-0.468573 0.205515 2.784918
-0.442141 -0.057410 2.648794
-0.437008 -0.104161 2.614537
-0.157578 0.289744 2.399298
0.019217 0.104338 2.392516
-0.060344 -0.094682 2.350819
-0.100481 -0.123574 2.378221
-0.368402 -0.167483 2.589182
-0.339984 -0.523104 2.653590
-0.344830 -0.900367 2.803267
-0.427859 -0.912790 2.818778
-0.250438 -0.176692 2.550486
-0.245436 -0.538035 2.600223
-0.258600 -0.872956 2.675447
-0.284137 -0.940853 2.616545
-0.269428 0.333345 2.463849
-0.449508 -0.184153 2.623351
-0.463814 -0.107167 2.623400
-0.129621 -0.211964 2.382070
-0.147176 -0.092077 2.395820
