-0.115995 -0.177553 2.100895
-0.122372 0.103523 2.016770
-0.127942 0.376591 1.920847
-0.107410 0.487440 1.907711
-0.260509 0.259769 1.910603
-0.311621 0.036447 1.947948
-0.293783 -0.152683 1.928762
-0.277732 -0.208713 1.927764
0.008170 0.276040 2.004964
0.045177 0.057723 2.103874
0.077280 -0.140837 2.093302
0.075111 -0.190289 2.088016
-0.177476 -0.178644 2.051003
-0.222882 -0.465266 2.173214
-0.201531 -0.797952 2.314145
-0.169595 -0.851200 2.247954
-0.050935 -0.170827 2.085238
-0.055657 -0.488763 2.230729
-0.087421 -0.797904 2.296129
-0.087330 -0.858497 2.218526
-0.126716 0.309574 1.946860
-0.268140 -0.267398 1.941647
-0.299329 -0.221964 1.910093
0.084166 -0.254612 2.093689
0.036728 -0.186261 2.083277
