-0.094338 -0.161597 2.187457
-0.108355 0.101937 2.048327
-0.119998 0.354533 1.897599
-0.086162 0.473458 1.918015
-0.216917 0.245791 1.880762
-0.230406 0.018700 1.889352
-0.186775 -0.163643 1.917325
-0.165566 -0.243359 1.926497
-0.002537 0.258947 2.031835
0.030385 0.110663 2.134383
0.073115 -0.056651 2.296033
0.089654 -0.100701 2.312059
-0.145412 -0.166463 2.131346
-0.179374 -0.448857 2.219804
-0.201696 -0.780106 2.319137
-0.178703 -0.842069 2.257492
-0.039037 -0.150277 2.180982
-0.014830 -0.463585 2.339619
0.016290 -0.746052 2.416975
0.104304 -0.795445 2.375530
-0.117428 0.292674 1.937594
-0.156754 -0.299490 1.958861
-0.184207 -0.261362 1.905160
0.100063 -0.163269 2.329696
0.074667 -0.112113 2.308091
