0.534083 -0.061141 2.404622
0.572391 0.188740 2.330532
0.601264 0.462030 2.237708
0.661014 0.568513 2.293959
0.492647 0.342920 2.223817
0.500176 0.102230 2.213453
0.580077 -0.110660 2.244859
0.573022 -0.160377 2.282660
0.631762 0.358966 2.210116
0.566906 0.055445 2.231666
0.554524 -0.160714 2.418555
0.593624 -0.218131 2.465219
0.462922 -0.063738 2.369164
0.467656 -0.430361 2.425950
0.382021 -0.745647 2.511450
0.435812 -0.799255 2.462002
0.591052 -0.057893 2.376089
0.680440 -0.345786 2.669290
0.545962 -0.711610 2.680321
0.576528 -0.756234 2.641032
0.594562 0.392962 2.263936
0.570306 -0.197867 2.314602
0.599878 -0.170736 2.268111
0.585139 -0.250978 2.460642
0.573051 -0.240795 2.429034
