-0.253504 -0.186251 2.013476
-0.258575 0.090483 1.945402
-0.263308 0.358645 1.865875
-0.244752 0.478551 1.857147
-0.399073 0.244093 1.860584
-0.448257 0.035093 1.886950
-0.444760 -0.164007 1.842126
-0.430157 -0.214042 1.818468
-0.118852 0.264723 1.929754
-0.085711 0.030079 2.025421
-0.044617 -0.167020 2.030443
-0.056120 -0.203994 2.034502
-0.314937 -0.186989 1.966882
-0.367030 -0.489446 2.069498
-0.368654 -0.798803 2.197911
-0.345453 -0.867960 2.148394
-0.184008 -0.180055 1.993154
-0.152025 -0.477260 2.098757
-0.141201 -0.775483 2.248897
-0.159747 -0.850773 2.200188
-0.262376 0.292870 1.887794
-0.430272 -0.256122 1.819196
-0.406983 -0.224541 1.779107
-0.045468 -0.250333 2.030036
-0.036508 -0.195661 2.019259
