-0.156285 -0.166712 2.095808
-0.170632 0.111190 2.032913
-0.184184 0.380260 1.957682
-0.160287 0.493823 1.953053
-0.304232 0.260149 1.929159
-0.355603 0.062531 1.889282
-0.210887 0.099459 1.740816
-0.190855 0.115805 1.709730
-0.048239 0.270719 2.025416
-0.031520 0.068869 2.149373
0.054204 0.137647 1.955031
0.065178 0.168892 1.876187
-0.217018 -0.166418 2.037365
-0.265719 -0.452296 2.107078
-0.248453 -0.786592 2.229571
-0.219077 -0.858978 2.164683
-0.090879 -0.162010 2.087440
-0.085496 -0.436142 2.248112
-0.083748 -0.739015 2.431132
-0.062984 -0.818283 2.368914
-0.180971 0.314279 1.978604
-0.152183 0.126836 1.675333
-0.161974 0.103675 1.662222
0.075662 0.178539 1.828076
0.044742 0.183973 1.875727
