-0.527774 -0.150940 2.207560
-0.533876 0.140425 2.149241
-0.537769 0.423133 2.077392
-0.523839 0.534764 2.091115
-0.600091 0.277801 2.010145
-0.605074 0.053102 1.988391
-0.520520 -0.145285 1.989014
-0.507501 -0.196938 2.011974
-0.431813 0.316791 2.181700
-0.438863 0.192341 2.409758
-0.355621 -0.039015 2.425878
-0.319711 -0.100199 2.438581
-0.565874 -0.147327 2.138578
-0.546895 -0.447222 2.220341
-0.566289 -0.767654 2.337299
-0.504684 -0.831462 2.298599
-0.473886 -0.150551 2.211691
-0.461315 -0.418818 2.425754
-0.533058 -0.719122 2.571935
-0.490660 -0.782068 2.545252
-0.537227 0.353662 2.097486
-0.492737 -0.258780 2.012634
-0.479073 -0.171678 2.049186
-0.302896 -0.155187 2.460530
-0.300538 -0.098665 2.408062
