-0.158399 -0.184583 2.046288
-0.104710 0.072530 1.936833
-0.057967 0.312802 1.811477
-0.132461 0.437322 1.816384
-0.224221 0.233212 1.916621
-0.296026 0.037923 2.091383
-0.398994 -0.139209 2.112132
-0.427243 -0.150897 2.104728
0.045451 0.222056 1.813749
0.044105 -0.024666 1.820181
0.005398 -0.229223 1.812100
-0.014239 -0.286849 1.822428
-0.218756 -0.169886 2.034362
-0.312875 -0.448293 2.176677
-0.410145 -0.752244 2.309001
-0.478301 -0.798573 2.259749
-0.093585 -0.193547 1.994367
-0.018539 -0.481780 2.105019
-0.000119 -0.806873 2.223472
0.000085 -0.870715 2.153075
-0.072157 0.254951 1.844931
-0.450915 -0.176317 2.096351
-0.415751 -0.172442 2.081462
-0.026352 -0.336583 1.854574
-0.037616 -0.285441 1.804857
