-0.141414 -0.156296 2.130092
-0.150786 0.123155 2.061782
-0.157954 0.394355 1.980706
-0.122422 0.500894 1.967884
-0.278508 0.269732 1.956599
-0.326756 0.054668 1.981780
-0.273883 -0.141605 1.959909
-0.256331 -0.158906 1.965146
-0.015614 0.290356 2.039262
0.020123 0.063775 2.176625
0.060649 -0.134100 2.185171
0.061566 -0.176502 2.200974
-0.202096 -0.156590 2.077914
-0.269362 -0.514678 2.080765
-0.342866 -0.835977 2.177999
-0.350021 -0.885428 2.098852
-0.076341 -0.151141 2.116155
-0.122106 -0.482495 2.256868
-0.157444 -0.784457 2.336149
-0.130431 -0.840940 2.260762
-0.156433 0.327790 2.003135
-0.229144 -0.219559 1.945979
-0.234895 -0.153082 1.937250
0.068252 -0.214531 2.223577
0.091257 -0.150314 2.170000
