-0.053823 -0.190885 1.989153
-0.065191 0.075373 1.908236
-0.075246 0.333697 1.815668
-0.044152 0.455947 1.804014
-0.200059 0.221215 1.809775
-0.256569 0.006924 1.849294
-0.227303 -0.201042 1.836701
-0.208646 -0.232993 1.848563
0.072927 0.258537 1.892159
0.109852 0.035890 2.023990
0.118554 -0.170640 1.982895
0.106953 -0.203493 1.965039
-0.115840 -0.191362 1.940027
-0.188330 -0.493284 2.018440
-0.202102 -0.823566 2.172961
-0.168302 -0.878807 2.115834
0.010292 -0.184240 1.973880
0.036609 -0.478931 2.086236
0.064091 -0.821359 2.201501
0.080635 -0.871950 2.128189
-0.072903 0.270316 1.840855
-0.199887 -0.273614 1.859505
-0.238197 -0.254011 1.846833
0.097315 -0.246391 1.959925
0.079376 -0.180647 1.929833
