0.130977 -0.115777 2.375505
0.284534 0.121772 2.316214
0.432865 0.352936 2.246002
0.436742 0.260123 2.331404
0.280835 0.371081 2.229727
0.077557 0.253995 2.240184
0.262532 0.041277 2.246566
0.263650 -0.042604 2.221166
0.374307 0.354981 2.186493
0.431626 0.159830 2.367324
0.537707 0.004599 2.485600
0.577584 -0.061915 2.549271
0.072805 -0.084619 2.335440
0.144455 -0.414433 2.380330
0.108006 -0.755077 2.459164
0.164501 -0.802471 2.450141
0.183112 -0.148505 2.351945
0.131299 -0.526347 2.417524
0.227298 -0.741279 2.672752
0.191455 -0.782251 2.584242
0.396571 0.296068 2.265517
0.277281 -0.086188 2.239542
0.247287 -0.023832 2.186762
0.642347 -0.106817 2.575994
0.632846 -0.059858 2.547769
