-0.305028 -0.224627 1.941034
-0.295191 0.054319 1.888703
-0.284264 0.324718 1.824193
-0.283516 0.443015 1.804214
-0.432019 0.217766 1.856996
-0.489928 -0.015218 1.914765
-0.496088 -0.222150 1.881250
-0.484229 -0.269208 1.898242
-0.135839 0.214084 1.842592
-0.095409 0.001539 1.892588
-0.097014 -0.202972 1.841086
-0.113657 -0.236872 1.837351
-0.365085 -0.219211 1.908324
-0.369895 -0.504012 2.039192
-0.324829 -0.824042 2.173509
-0.333369 -0.888935 2.108746
-0.235282 -0.222624 1.910445
-0.163331 -0.504073 1.971381
-0.067422 -0.805947 2.223614
-0.075325 -0.865632 2.191975
-0.287247 0.258363 1.842382
-0.479290 -0.310334 1.917812
-0.441796 -0.256183 1.868448
-0.123377 -0.280296 1.839282
-0.079930 -0.232970 1.843739
