-0.180416 -0.162288 2.116614
-0.186169 0.102427 2.030524
-0.190243 0.359580 1.932448
-0.167415 0.483707 1.909113
-0.320436 0.253350 1.939318
-0.378048 0.023363 1.966677
-0.376421 -0.184897 1.945613
-0.365135 -0.210127 1.940497
-0.045123 0.283497 2.001745
-0.015632 0.056697 2.135231
0.002462 -0.149924 2.146001
-0.007950 -0.182206 2.133308
-0.240036 -0.162110 2.068430
-0.293552 -0.499090 2.074659
-0.279037 -0.831187 2.117081
-0.248487 -0.896382 2.050762
-0.115315 -0.157552 2.100502
-0.142773 -0.480207 2.272020
-0.170808 -0.771632 2.380768
-0.139509 -0.833437 2.310177
-0.189486 0.296437 1.959048
-0.372888 -0.254762 1.971048
-0.409930 -0.193468 1.932545
-0.013698 -0.225111 2.140203
-0.032911 -0.178551 2.100000
