-0.575657 -0.153495 2.238153
-0.596866 0.134912 2.115241
-0.606415 0.426271 1.982465
-0.670221 0.527199 1.996776
-0.717798 0.266316 1.971221
-0.862516 0.158890 2.168543
-0.957676 0.048849 2.364123
-1.007642 -0.038697 2.467160
-0.527728 0.292521 2.012526
-0.779553 0.186746 2.058416
-1.004846 0.151880 2.206089
-1.042229 0.138171 2.236723
-0.631327 -0.154268 2.200829
-0.502063 -0.419219 2.381888
-0.405654 -0.751036 2.446587
-0.477433 -0.781047 2.459845
-0.503710 -0.148689 2.213683
-0.577710 -0.415781 2.265944
-0.573219 -0.776001 2.341614
-0.648024 -0.800855 2.349385
-0.605487 0.353619 2.017641
-1.006027 -0.052185 2.487608
-1.000326 -0.049766 2.479000
-1.105778 0.133944 2.296511
-1.034401 0.171531 2.202611
