-0.132486 -0.176724 2.088931
-0.149411 0.093026 1.977368
-0.158202 0.356742 1.854877
-0.132089 0.470220 1.856574
-0.263378 0.235415 1.826296
-0.316942 -0.012669 1.864145
-0.276820 -0.216061 1.879813
-0.267017 -0.234705 1.888787
-0.040896 0.253831 1.959837
-0.027373 0.061407 2.030310
0.016983 -0.094303 2.155220
-0.001303 -0.137256 2.143703
-0.187711 -0.184104 2.033370
-0.250823 -0.478178 2.110430
-0.237698 -0.815133 2.230693
-0.214267 -0.873947 2.161349
-0.073121 -0.163884 2.080588
-0.087397 -0.472687 2.168604
-0.127287 -0.805598 2.280237
-0.067709 -0.847256 2.230314
-0.156733 0.291866 1.888627
-0.265137 -0.271365 1.913023
-0.234001 -0.220660 1.884375
0.008192 -0.190099 2.152383
-0.036050 -0.157809 2.080871
