0.515238 -0.165467 2.180148
0.528267 0.110125 2.058240
0.538422 0.377625 1.923208
0.590257 0.486980 1.969208
0.435520 0.253645 1.938437
0.517653 0.021982 1.935680
0.715320 -0.032902 1.940563
0.727769 0.003542 1.931542
0.634368 0.222534 2.031675
0.730069 0.098103 2.217065
0.861569 0.037196 2.060610
0.867545 0.037047 2.064442
0.446174 -0.150308 2.133024
0.467629 -0.433192 2.207120
0.472136 -0.783410 2.353615
0.542068 -0.832873 2.321450
0.569047 -0.180164 2.154677
0.508080 -0.506464 2.241118
0.579142 -0.760001 2.472721
0.623973 -0.804593 2.462855
0.536469 0.311540 1.959122
0.763170 0.003052 1.949325
0.723314 -0.016678 1.913200
0.908656 -0.013744 1.992740
0.908743 0.008021 2.074143
