0.290790 -0.086665 2.468184
0.294052 0.186709 2.392798
0.295555 0.452919 2.306241
0.315360 0.557705 2.297001
0.154008 0.356468 2.364533
0.056430 0.164260 2.455801
-0.050432 -0.012662 2.475806
-0.068320 -0.065052 2.499229
0.446042 0.324795 2.314425
0.487974 0.097982 2.354680
0.522296 -0.106413 2.322952
0.518388 -0.159028 2.333171
0.222770 -0.082256 2.445231
0.205368 -0.360371 2.568629
0.254166 -0.683589 2.670688
0.234259 -0.754643 2.606823
0.351089 -0.088826 2.426891
0.420633 -0.400971 2.465458
0.512399 -0.729039 2.596351
0.502692 -0.777988 2.489423
0.295473 0.387433 2.329891
-0.079916 -0.112837 2.520989
-0.073986 -0.051840 2.456510
0.529336 -0.202549 2.345076
0.494225 -0.163070 2.333385
