-0.301683 -0.019218 2.433063
-0.291177 0.237371 2.360898
-0.281223 0.486473 2.279033
-0.253092 0.594022 2.312419
-0.368678 0.358978 2.213414
-0.390226 0.138401 2.209822
-0.317601 -0.068088 2.205786
-0.306325 -0.132933 2.212476
-0.182217 0.413288 2.387776
-0.164920 0.254008 2.479063
-0.153139 0.077434 2.596995
-0.151020 0.014343 2.642210
-0.344026 -0.028941 2.359903
-0.323624 -0.399775 2.437036
-0.364965 -0.735447 2.569475
-0.286234 -0.767930 2.554251
-0.251206 -0.008951 2.441535
-0.267192 -0.275705 2.639650
-0.403580 -0.613632 2.685512
-0.340422 -0.684348 2.634413
-0.283884 0.425280 2.301335
-0.288175 -0.184121 2.242776
-0.327036 -0.146934 2.194375
-0.124062 -0.051041 2.641523
-0.171304 0.021586 2.641429
