-0.600572 0.013087 2.717051
-0.597577 0.288853 2.605139
-0.589041 0.560326 2.478441
-0.623553 0.674331 2.501207
-0.721093 0.454417 2.510773
-0.715796 0.280823 2.582559
-0.491779 0.162344 2.509177
-0.449321 0.152551 2.565577
-0.505879 0.451290 2.500252
-0.445566 0.234925 2.552660
-0.642942 0.288494 2.695657
-0.696366 0.238141 2.606723
-0.658773 0.009835 2.699344
-0.676210 -0.334365 2.765393
-0.643042 -0.646705 2.798347
-0.640878 -0.701496 2.700876
-0.528656 0.016216 2.671011
-0.483902 -0.317989 2.646825
-0.460376 -0.646418 2.606070
-0.489431 -0.701356 2.545003
-0.591874 0.493675 2.512284
-0.419313 0.178041 2.560486
-0.474392 0.103429 2.547848
-0.709460 0.242349 2.605037
-0.705534 0.239860 2.597000
