-0.282304 0.012249 2.110907
-0.460521 0.230885 2.101677
-0.632616 0.442263 2.082000
-0.632851 0.381469 2.033610
-0.729822 0.263179 2.044527
-0.511713 0.270828 1.924725
-0.626797 0.323880 1.639763
-0.666179 0.342099 1.548169
-0.550506 0.459702 1.984572
-0.653853 0.169058 1.963584
-0.849254 0.077697 2.068400
-0.923006 0.080978 2.129042
-0.322355 -0.024378 2.100346
-0.217568 -0.482988 2.366893
-0.351565 -0.806583 2.442832
-0.441353 -0.803709 2.442804
-0.234019 0.048550 2.055834
-0.285356 -0.416135 2.148148
-0.248934 -0.808595 2.234697
-0.360727 -0.857445 2.205271
-0.590596 0.390422 2.088792
-0.642291 0.358582 1.512386
-0.633963 0.392751 1.495771
-0.997672 0.082634 2.174093
-0.966150 0.104783 2.133647
