0.437144 -0.129829 1.840416
0.561452 0.129043 1.724189
0.677884 0.375509 1.594137
0.762660 0.473890 1.550848
0.509281 0.269973 1.536895
0.442232 0.050420 1.550412
0.486960 -0.135501 1.648771
0.495376 -0.190708 1.700913
0.817650 0.264584 1.784687
0.973979 0.124563 1.827164
1.164885 0.038433 1.762183
1.206750 0.019108 1.765201
0.378588 -0.121347 1.755927
0.546571 -0.501820 1.849290
0.568555 -0.849378 1.936692
0.636948 -0.915937 1.906086
0.479030 -0.133426 1.854630
0.542448 -0.550204 1.858520
0.466464 -0.747492 2.205227
0.477082 -0.803391 2.224841
0.649601 0.315230 1.628695
0.545961 -0.268206 1.736546
0.433068 -0.220704 1.696697
1.223441 -0.002193 1.760079
1.225480 0.041743 1.772000
