0.044388 -0.084181 1.886955
0.030794 0.223571 1.856200
0.016627 0.518445 1.812274
0.038808 0.671675 1.779595
-0.105521 0.387248 1.791000
-0.205992 0.393856 1.578876
-0.062251 0.555890 1.609143
-0.026893 0.614764 1.655447
0.192463 0.394451 1.832399
0.282854 0.137279 1.868766
0.314562 -0.079579 1.821144
0.328073 -0.154784 1.814468
-0.036821 -0.087034 1.847517
-0.113218 -0.431383 1.956210
-0.243831 -0.807200 2.145823
-0.318142 -0.881794 2.114452
0.123905 -0.078011 1.856950
0.127430 -0.420514 1.983313
0.109807 -0.789068 2.145737
0.154245 -0.871796 2.082061
0.020164 0.446496 1.825426
-0.003386 0.694805 1.680544
0.039640 0.570643 1.690101
0.335350 -0.239920 1.809137
0.344616 -0.166444 1.782116
