-0.236135 -0.082649 1.960284
-0.271034 0.201418 1.882938
-0.298140 0.473337 1.795241
-0.313353 0.607944 1.700543
-0.470939 0.383529 1.856493
-0.461102 0.132290 1.927983
-0.443472 -0.087435 1.945624
-0.400733 -0.156284 1.949160
-0.126069 0.398545 1.811152
-0.036925 0.159407 1.886381
-0.014701 -0.061830 1.866594
-0.030842 -0.135153 1.872185
-0.304995 -0.089291 1.934153
-0.269621 -0.435184 2.062632
-0.251942 -0.786719 2.189936
-0.297939 -0.872402 2.124376
-0.158288 -0.069972 1.913447
-0.015135 -0.465983 1.994867
0.107757 -0.807884 2.124738
0.155589 -0.872552 2.051333
-0.291927 0.406947 1.819205
-0.385759 -0.255350 1.974423
-0.362809 -0.161161 1.893600
-0.030370 -0.231883 1.884783
0.018712 -0.160160 1.861320
