-0.025728 -0.087536 1.892534
-0.052464 0.205408 1.822896
-0.077612 0.487136 1.740503
-0.045793 0.626020 1.684549
-0.218742 0.366630 1.724114
-0.258297 0.122223 1.766892
-0.206579 -0.091406 1.761976
-0.164082 -0.168785 1.791093
0.101867 0.402363 1.822536
0.163977 0.161524 1.944390
0.191105 -0.051261 1.977973
0.195079 -0.123530 1.982087
-0.099465 -0.095933 1.842577
-0.178283 -0.469255 1.968451
-0.274157 -0.813065 2.099139
-0.320421 -0.900880 2.021527
0.049003 -0.075871 1.872485
0.075661 -0.433628 1.995298
0.101940 -0.802561 2.160983
0.143935 -0.868378 2.094496
-0.071540 0.418362 1.763233
-0.149732 -0.258153 1.806352
-0.129198 -0.167108 1.770127
0.192939 -0.194415 2.002716
0.206506 -0.141292 1.998111
