-0.276606 0.103021 2.509606
-0.255874 0.405711 2.410438
-0.234662 0.699094 2.300012
-0.259897 0.837762 2.278201
-0.391879 0.578369 2.303440
-0.574143 0.683207 2.492541
-0.538754 0.882974 2.696037
-0.541508 0.945015 2.722824
-0.115419 0.578547 2.331531
-0.092108 0.362953 2.378876
-0.115711 0.157305 2.448799
-0.156915 0.116624 2.442387
-0.350535 0.102525 2.469656
-0.181862 -0.268273 2.631769
-0.175627 -0.662449 2.654301
-0.163064 -0.722976 2.542845
-0.195185 0.100954 2.480679
-0.404573 -0.281666 2.321332
-0.320223 -0.614981 2.241028
-0.305183 -0.674807 2.130014
-0.240099 0.627178 2.329651
-0.557984 0.989471 2.789651
-0.516010 0.978947 2.690323
-0.125264 0.028675 2.554351
-0.194286 0.082581 2.391280
