-0.057059 -0.080186 2.454213
-0.004682 0.140234 2.229479
0.054339 0.354043 1.988135
0.133966 0.408861 1.900367
-0.079374 0.298604 2.051347
-0.107194 0.027176 2.149148
-0.009635 -0.153966 2.218715
0.034873 -0.228815 2.269236
0.188974 0.305526 2.210087
0.226544 0.141135 2.338227
0.156393 -0.059950 2.265016
0.099203 -0.137691 2.286931
-0.117929 -0.088088 2.393009
-0.188009 -0.503077 2.476505
-0.243962 -0.829254 2.354775
-0.210611 -0.806582 2.239524
0.005158 -0.062928 2.442477
0.057062 -0.426569 2.559502
0.080987 -0.762815 2.635270
0.144111 -0.736332 2.542919
0.039539 0.302279 2.050764
0.016650 -0.334408 2.291896
-0.021678 -0.173069 2.226222
0.044218 -0.227087 2.249443
0.028711 -0.181634 2.209500
