-0.234292 -0.059812 2.076548
-0.266198 0.240279 2.004881
-0.294803 0.529580 1.920899
-0.255936 0.664391 1.862381
-0.422818 0.405517 1.866382
-0.467223 0.170252 1.810870
-0.417332 -0.053553 1.715343
-0.386165 -0.126172 1.681994
-0.127653 0.441234 2.020272
-0.069554 0.189307 2.111812
-0.029119 -0.028395 2.119547
-0.030610 -0.102397 2.107924
-0.297793 -0.070059 2.017569
-0.358817 -0.419064 2.158211
-0.410253 -0.748790 2.312219
-0.465161 -0.839863 2.256145
-0.162937 -0.047551 2.065730
-0.094545 -0.408298 2.172569
-0.013760 -0.752920 2.309062
0.054633 -0.806496 2.258749
-0.288147 0.458829 1.943990
-0.366452 -0.197388 1.651867
-0.368346 -0.097867 1.662375
-0.027317 -0.196640 2.119857
-0.057600 -0.102139 2.038864
