-0.073282 -0.520027 2.275346
0.050871 -0.229455 2.229862
0.171662 0.055186 2.170603
0.268416 0.160102 2.182032
0.080964 -0.081022 2.077493
-0.061307 -0.337666 2.125161
0.070778 -0.506301 2.062938
0.106660 -0.517808 2.074102
0.310948 -0.022684 2.308330
0.349459 -0.173216 2.462279
0.554955 -0.208367 2.382641
0.606533 -0.231090 2.357626
-0.104903 -0.504637 2.211082
0.295594 -0.569791 2.086890
0.035236 -0.802513 2.223169
0.105042 -0.850586 2.183594
-0.039603 -0.519489 2.271435
0.006405 -0.673075 2.398875
0.069424 -0.834941 2.274776
0.140003 -0.866596 2.211934
0.141972 -0.015100 2.187818
0.172401 -0.549395 2.067422
0.058306 -0.542368 2.088074
0.653639 -0.254397 2.344851
0.612289 -0.260517 2.369643
