0.580014 0.003294 2.268123
0.593808 0.282339 2.185793
0.606852 0.552961 2.092899
0.679876 0.675017 2.071482
0.531482 0.397004 2.030457
0.503399 0.091921 2.033152
0.534721 -0.120254 2.083014
0.519791 -0.124401 2.118922
0.807725 0.598254 2.380291
0.878124 0.449224 2.515591
0.892220 0.362471 2.708628
0.898154 0.334206 2.776480
0.535176 -0.003685 2.204184
0.504295 -0.352960 2.285652
0.494588 -0.736983 2.381271
0.573962 -0.805781 2.368579
0.607476 0.009708 2.265511
0.442468 -0.320754 2.444012
0.442493 -0.691101 2.569163
0.532066 -0.748196 2.513765
0.604020 0.486560 2.118168
0.539974 -0.206870 2.148342
0.543986 -0.113649 2.069096
0.900069 0.326128 2.774342
0.895824 0.324002 2.751461
