-0.582121 -0.123550 2.021249
-0.604147 0.213414 1.985833
-0.628915 0.537230 1.933342
-0.648076 0.682711 1.927048
-0.700693 0.337235 1.869088
-0.912477 0.213057 2.022199
-1.047535 0.163669 2.251219
-1.077287 0.153430 2.305338
-0.529102 0.397602 1.909015
-0.449425 0.226143 2.085413
-0.475161 -0.003464 1.969928
-0.497959 -0.074981 1.941908
-0.645838 -0.134901 1.972690
-0.588817 -0.432162 2.020560
-0.469163 -0.741274 2.241049
-0.440645 -0.795092 2.132818
-0.499724 -0.108208 2.003645
-0.452508 -0.479896 2.162752
-0.607458 -0.730421 2.107979
-0.658970 -0.805261 2.131762
-0.623583 0.457752 1.948933
-1.052136 0.128620 2.369511
-1.016607 0.130636 2.310667
-0.528007 -0.144705 1.890874
-0.529083 -0.017941 1.873369
