0.431854 -0.127102 1.816738
0.559601 0.111408 1.699296
0.679519 0.342762 1.566475
0.756696 0.453258 1.526290
0.544585 0.236629 1.527146
0.444934 -0.017629 1.490945
0.647210 -0.143680 1.553205
0.681071 -0.156414 1.571291
0.810764 0.210740 1.727025
0.949338 0.012738 1.812423
1.128085 -0.112216 1.812798
1.168089 -0.128262 1.815141
0.378509 -0.125402 1.735004
0.452616 -0.407379 1.837456
0.489251 -0.776595 1.984705
0.540594 -0.864294 1.976468
0.469606 -0.124177 1.831110
0.406978 -0.454559 2.043692
0.385083 -0.796211 2.245068
0.420831 -0.864158 2.163134
0.651086 0.285764 1.601853
0.712234 -0.197815 1.610461
0.706767 -0.139089 1.579571
1.204954 -0.167130 1.887600
1.179533 -0.138554 1.795470
