0.573896 -0.144002 1.849043
0.559848 0.151738 1.785521
0.541660 0.437005 1.709562
0.607515 0.563665 1.686371
0.485082 0.284727 1.653110
0.552224 0.035115 1.596368
0.760403 0.061239 1.648229
0.778089 0.070327 1.680456
0.730690 0.308788 1.895719
0.826780 0.127166 1.966961
0.872187 0.153633 1.742162
0.839609 0.147301 1.661438
0.513212 -0.140800 1.792098
0.528137 -0.452386 1.901534
0.501905 -0.834022 2.020860
0.566253 -0.914840 1.985970
0.613968 -0.143008 1.836977
0.489368 -0.475894 2.034091
0.495872 -0.871673 2.104279
0.583806 -0.846601 2.142460
0.546877 0.367236 1.730615
0.803729 0.097209 1.705394
0.776924 0.041818 1.682539
0.830325 0.148839 1.652346
0.828525 0.146497 1.641682
