0.489096 -0.132140 2.031317
0.478242 0.157001 1.933136
0.463298 0.438235 1.824580
0.509666 0.557337 1.777703
0.330538 0.311970 1.793907
0.237295 0.056340 1.831917
0.235890 -0.166824 1.837204
0.233860 -0.196948 1.866887
0.602100 0.313870 1.868141
0.611019 0.040740 1.927558
0.602526 -0.149034 2.033208
0.596283 -0.179875 2.084388
0.411147 -0.134934 1.986167
0.405012 -0.462653 1.972889
0.444573 -0.833593 2.044450
0.500726 -0.908459 1.966641
0.551237 -0.124737 2.010009
0.399595 -0.489158 2.134993
0.407005 -0.824613 2.275783
0.477736 -0.867686 2.173096
0.467720 0.369158 1.853450
0.231352 -0.235519 1.884499
0.207262 -0.207370 1.852941
0.608011 -0.238127 2.122054
0.621822 -0.174972 2.083286
