0.045285 -0.077384 2.199317
0.080920 0.218154 2.135005
0.114871 0.504124 2.058702
0.051805 0.610511 2.013857
-0.021663 0.390727 2.153360
-0.064460 0.156113 2.204946
-0.138166 -0.000783 2.333223
-0.149513 -0.073167 2.370689
0.190689 0.362138 1.989491
0.232406 0.092225 1.984056
0.197236 -0.128692 1.983942
0.180304 -0.148875 1.990769
-0.013046 -0.066578 2.204552
-0.016748 -0.340030 2.316437
0.042870 -0.736367 2.364674
0.003235 -0.826660 2.375000
0.102136 -0.085816 2.125022
0.081002 -0.417092 2.129979
0.101515 -0.799827 2.215261
0.056396 -0.863281 2.132813
0.106635 0.434035 2.079872
-0.151180 -0.133345 2.395536
-0.163602 -0.035829 2.355875
0.173664 -0.222307 2.008239
0.200967 -0.175383 1.972555
