-0.372747 -0.109407 2.233954
-0.435219 0.195313 2.137440
-0.487471 0.491165 2.029842
-0.573100 0.590857 1.994163
-0.611799 0.313809 2.159743
-0.715811 0.098940 2.214351
-0.890334 -0.031687 2.171287
-0.917163 -0.016307 2.167047
-0.357307 0.359477 1.973807
-0.204105 0.097839 2.010161
-0.156031 -0.113011 2.056571
-0.174724 -0.122387 2.065452
-0.419293 -0.113757 2.240781
-0.394663 -0.400910 2.360421
-0.358795 -0.746178 2.435831
-0.432479 -0.802088 2.398048
-0.314919 -0.101586 2.159471
-0.274842 -0.439995 2.270132
-0.242738 -0.753503 2.316261
-0.272670 -0.837702 2.242016
-0.475392 0.418601 2.058825
-0.976623 -0.049442 2.179645
-0.915264 -0.018988 2.101833
-0.160469 -0.174638 2.098248
-0.203937 -0.116866 2.048195
