-0.234728 -0.121152 2.060689
-0.267909 0.172602 1.987212
-0.297510 0.456275 1.901053
-0.262456 0.586445 1.857127
-0.400106 0.313997 1.833362
-0.429748 0.047450 1.851018
-0.389071 -0.172540 1.853854
-0.382728 -0.181196 1.867119
-0.142234 0.357297 1.971473
-0.099994 0.118888 2.013874
-0.062609 -0.078918 2.099595
-0.065409 -0.132028 2.115962
-0.294731 -0.130649 1.994727
-0.355300 -0.441625 2.109510
-0.358569 -0.791506 2.224445
-0.313550 -0.862957 2.152928
-0.166864 -0.107743 2.058009
-0.208390 -0.425808 2.196280
-0.208861 -0.763215 2.315856
-0.174473 -0.842747 2.232284
-0.290498 0.386859 1.924749
-0.361022 -0.250453 1.881283
-0.355251 -0.149153 1.870868
-0.054094 -0.204816 2.122802
-0.104242 -0.122586 2.077364
