-0.379276 -0.070215 2.177768
-0.395428 0.210612 2.101167
-0.409685 0.482110 2.014286
-0.401396 0.611137 1.974682
-0.562962 0.388198 2.001927
-0.665292 0.208442 1.910147
-0.427300 0.382799 1.853770
-0.342155 0.376043 1.826451
-0.232775 0.390482 2.063701
-0.016756 0.352485 2.010774
-0.185480 0.471465 1.929802
-0.201387 0.487930 1.920109
-0.443860 -0.073907 2.129608
-0.471304 -0.390201 2.269964
-0.474248 -0.738822 2.380412
-0.480658 -0.822318 2.293908
-0.302864 -0.064031 2.158708
-0.304398 -0.388936 2.294940
-0.297284 -0.733502 2.398034
-0.261002 -0.817831 2.324161
-0.406569 0.415624 2.037983
-0.290914 0.395200 1.824652
-0.339824 0.345063 1.906265
-0.253704 0.545041 1.879098
-0.211358 0.442594 1.911900
