-0.384522 -0.067284 2.178771
-0.369643 0.210353 2.111232
-0.345873 0.479542 2.029634
-0.398190 0.596451 1.959897
-0.520811 0.380861 2.086072
-0.558197 0.171565 2.134004
-0.386195 0.197598 1.884450
-0.297291 0.161353 1.851860
-0.221020 0.369777 1.995648
-0.105193 0.130409 1.938015
-0.324241 0.152097 1.828002
-0.418460 0.140167 1.810936
-0.444523 -0.062247 2.158406
-0.466851 -0.401312 2.250585
-0.478568 -0.740342 2.378413
-0.509024 -0.820141 2.297034
-0.314842 -0.066597 2.131319
-0.296875 -0.382772 2.270601
-0.299111 -0.736636 2.399450
-0.260986 -0.817147 2.324982
-0.352399 0.413669 2.052243
-0.240945 0.130303 1.829173
-0.365213 0.149657 1.774507
-0.491209 0.133929 1.819371
-0.397512 0.171863 1.773367
