-0.491886 -0.070484 2.254643
-0.496651 0.217204 2.189505
-0.497897 0.496329 2.112900
-0.526346 0.621072 2.044057
-0.658780 0.385746 2.154509
-0.659490 0.114209 2.193015
-0.680524 -0.093700 2.248960
-0.677294 -0.146259 2.269850
-0.356979 0.381409 2.081727
-0.293986 0.126787 2.119260
-0.245566 -0.084926 2.146125
-0.263475 -0.130713 2.167618
-0.551049 -0.071908 2.234624
-0.534799 -0.366831 2.349700
-0.526336 -0.718722 2.445745
-0.597328 -0.793169 2.413515
-0.417973 -0.066974 2.207940
-0.323121 -0.424056 2.282246
-0.246240 -0.734912 2.387677
-0.205755 -0.808687 2.306550
-0.498162 0.427823 2.134087
-0.684090 -0.190721 2.282222
-0.706460 -0.133583 2.267000
-0.241033 -0.208932 2.194085
-0.298052 -0.135738 2.145210
