-0.286818 -0.080882 2.220643
-0.300158 0.207293 2.156412
-0.310835 0.486804 2.080382
-0.333253 0.622765 2.025273
-0.466349 0.369416 2.110051
-0.481874 0.122672 2.160269
-0.473339 -0.095740 2.176399
-0.461933 -0.144174 2.183383
-0.157552 0.375315 2.047312
-0.093138 0.114075 2.083733
-0.053872 -0.099674 2.108806
-0.059330 -0.155387 2.143269
-0.350842 -0.081861 2.200138
-0.353422 -0.370761 2.296528
-0.358486 -0.725304 2.383706
-0.429681 -0.804780 2.347753
-0.213660 -0.077351 2.173650
-0.166356 -0.422761 2.332208
-0.128465 -0.718040 2.453504
-0.093847 -0.801908 2.393572
-0.308589 0.418217 2.101470
-0.469553 -0.218463 2.200245
-0.412319 -0.141839 2.177375
-0.049423 -0.203024 2.152909
-0.099053 -0.123111 2.138692
