-0.182797 -0.063747 2.260362
-0.197673 0.218752 2.189202
-0.212075 0.492202 2.105961
-0.201748 0.629982 2.041763
-0.356241 0.376634 2.085615
-0.383824 0.124254 2.129872
-0.375086 -0.095352 2.132784
-0.358303 -0.118027 2.149291
-0.050544 0.389399 2.124846
0.004058 0.150924 2.177011
0.027605 -0.059692 2.225131
0.010636 -0.100933 2.241560
-0.248762 -0.068626 2.218282
-0.284805 -0.410088 2.356378
-0.279850 -0.720174 2.436387
-0.270133 -0.807519 2.356286
-0.111419 -0.057346 2.232994
-0.112045 -0.375859 2.366575
-0.110931 -0.706940 2.473879
-0.081727 -0.795678 2.398550
-0.208659 0.425155 2.128849
-0.348688 -0.202292 2.178928
-0.314857 -0.097832 2.144756
0.012620 -0.177860 2.267644
-0.031194 -0.115248 2.219378
