-0.260067 -0.015150 2.406609
-0.268090 0.273938 2.336931
-0.274042 0.553003 2.255567
-0.259205 0.694657 2.250987
-0.364773 0.480794 2.234381
-0.525126 0.425644 2.405383
-0.468658 0.557629 2.561287
-0.418654 0.676875 2.587269
-0.162364 0.470233 2.235839
-0.069619 0.356695 2.423842
-0.257991 0.557148 2.527628
-0.271030 0.604591 2.600522
-0.331042 -0.020419 2.360649
-0.177811 -0.264713 2.487086
-0.292553 -0.640159 2.598838
-0.265559 -0.728478 2.503082
-0.182820 -0.007734 2.380393
-0.253066 -0.375796 2.408666
-0.207869 -0.747984 2.427128
-0.205970 -0.804070 2.316978
-0.272870 0.484767 2.278030
-0.422100 0.676802 2.587037
-0.412409 0.684990 2.549087
-0.275527 0.647949 2.643215
-0.262083 0.627216 2.622877
