0.524073 -0.053691 2.314088
0.625718 0.233831 2.231329
0.733626 0.505614 2.143782
0.799366 0.623240 2.111231
0.632030 0.375126 2.085829
0.722931 0.122430 2.100695
0.912627 0.048998 2.171000
0.988624 0.036370 2.201161
0.854482 0.404334 2.266646
0.775519 0.123315 2.159644
0.975325 0.035257 2.209644
1.006099 0.024039 2.200570
0.467789 -0.046700 2.249998
0.471515 -0.385658 2.325072
0.485846 -0.731658 2.402157
0.562402 -0.799595 2.402428
0.582604 -0.059978 2.304117
0.303070 -0.192967 2.179592
0.548992 -0.380329 2.426141
0.647648 -0.391920 2.442683
0.708988 0.438703 2.166746
1.028068 -0.028531 2.217765
0.972932 0.006217 2.200000
1.028399 -0.032181 2.194909
1.020624 0.037261 2.178250
