0.178555 -0.055091 2.351405
0.186661 0.236786 2.267830
0.193336 0.519804 2.172338
0.142419 0.643877 2.129337
0.038662 0.414932 2.252670
0.003545 0.169878 2.325902
-0.075731 -0.013833 2.413201
-0.115860 -0.084401 2.423420
0.298903 0.384832 2.113155
0.362636 0.112522 2.154766
0.383403 -0.107889 2.172522
0.372574 -0.169245 2.178999
0.114855 -0.049129 2.344660
0.111589 -0.352163 2.430128
0.134040 -0.688656 2.541226
0.078209 -0.776207 2.479298
0.236984 -0.059309 2.289117
0.299094 -0.375978 2.354924
0.393320 -0.691833 2.574467
0.430420 -0.761719 2.482422
0.191902 0.450378 2.198321
-0.127753 -0.144553 2.438395
-0.107833 -0.117485 2.418125
0.377806 -0.222578 2.188855
0.403621 -0.164653 2.184385
