-0.055391 -0.104275 2.239570
-0.065132 0.195318 2.170142
-0.074567 0.484960 2.087857
-0.110843 0.619633 2.055204
-0.215840 0.389174 2.200794
-0.234911 0.173761 2.266181
-0.197906 -0.022968 2.171757
-0.158800 -0.061534 2.139419
0.049146 0.364669 2.034530
0.090499 0.114084 2.031923
-0.005422 -0.079567 2.040035
-0.045752 -0.123886 2.082129
-0.113514 -0.106619 2.232512
-0.131695 -0.375339 2.351296
0.000791 -0.786242 2.484697
-0.028550 -0.816073 2.360280
0.004609 -0.098645 2.174985
-0.041853 -0.521859 2.162963
-0.091527 -0.851083 2.194747
-0.119432 -0.910044 2.092851
-0.072287 0.414005 2.110664
-0.125558 -0.137409 2.095116
-0.206306 -0.066836 2.129556
-0.096469 -0.151821 2.095727
0.004306 -0.193321 2.058294
