0.534844 -0.108318 2.237833
0.595403 0.215370 2.165181
0.647970 0.527565 2.079160
0.682331 0.663599 2.113612
0.617937 0.380135 1.995783
0.596819 0.102271 1.960004
0.633168 -0.125757 2.020132
0.629667 -0.158891 2.052923
0.759937 0.315935 2.354031
0.835727 0.575545 2.233634
0.870488 0.731981 2.082968
0.883408 0.785058 2.036283
0.503224 -0.098801 2.173992
0.565433 -0.483734 2.203687
0.505222 -0.867725 2.270488
0.583910 -0.913859 2.236143
0.549744 -0.114903 2.230234
0.497459 -0.490535 2.356594
0.500423 -0.872646 2.379854
0.589008 -0.901375 2.353734
0.636144 0.451173 2.102744
0.677873 -0.210733 2.086156
0.593159 -0.185373 2.070889
0.873242 0.782182 2.011579
0.877361 0.777432 2.024082
