0.512877 -0.196757 2.164460
0.547900 0.121005 2.050168
0.585378 0.428389 1.927925
0.619078 0.540781 1.904130
0.482279 0.288989 1.869210
0.466876 0.031706 1.887288
0.605554 -0.167936 2.033149
0.615911 -0.164196 2.052751
0.644892 0.261869 2.145087
0.642840 -0.017807 2.179759
0.686129 -0.225311 2.132455
0.701657 -0.294508 2.120413
0.467999 -0.191516 2.096961
0.475153 -0.485194 2.162556
0.484360 -0.853773 2.256349
0.561017 -0.902795 2.232134
0.540152 -0.195190 2.162867
0.482562 -0.534789 2.223155
0.373386 -0.816130 2.487729
0.391978 -0.878268 2.459005
0.577575 0.352619 1.960050
0.667518 -0.189593 2.105450
0.638460 -0.184626 2.060333
0.705020 -0.305742 2.122642
0.691035 -0.306688 2.107483
