0.169918 -0.145523 2.075343
0.175596 0.157794 2.013093
0.180507 0.450678 1.937426
0.178602 0.592050 1.899137
0.020074 0.354413 1.993734
-0.019601 0.125705 2.017741
0.040609 -0.074202 1.949813
0.071338 -0.074405 1.950995
0.331221 0.334303 1.928464
0.349001 0.099310 1.941601
0.272186 -0.103087 1.915616
0.242855 -0.123886 1.933913
0.097730 -0.143423 2.051491
0.081479 -0.487111 2.149728
0.100068 -0.858295 2.268965
0.110164 -0.915044 2.188144
0.236638 -0.142527 2.027942
0.255244 -0.508529 2.104007
0.241847 -0.859592 2.256331
0.230757 -0.916999 2.183052
0.179472 0.378985 1.958609
0.110742 -0.147337 1.919630
0.023601 -0.108901 2.007774
0.192649 -0.190372 1.932104
0.309722 -0.155209 1.958178
