-0.363638 0.033599 2.652308
-0.358373 0.343151 2.583701
-0.352601 0.643352 2.501996
-0.344587 0.753326 2.475446
-0.486764 0.550819 2.517215
-0.657000 0.697620 2.619957
-0.683290 0.854789 2.770559
-0.684664 0.927019 2.743466
-0.244801 0.517991 2.543765
-0.153236 0.392746 2.743113
-0.366659 0.587391 2.727228
-0.679151 0.926969 2.737881
-0.429630 0.037753 2.610511
-0.488639 -0.262410 2.644936
-0.456779 -0.595959 2.671310
-0.410444 -0.509911 2.583117
-0.288130 0.028468 2.623039
-0.262972 -0.310831 2.630451
-0.255082 -0.748971 2.713374
-0.226726 -0.693862 2.590078
-0.354271 0.569663 2.524667
-0.707029 0.987773 2.782262
-0.710258 0.928376 2.754083
-0.683437 0.970067 2.748033
-0.686864 0.891622 2.695833
