-0.407343 0.028357 2.646645
-0.422239 0.333215 2.560496
-0.433050 0.628248 2.462357
-0.440548 0.736636 2.432379
-0.561720 0.514816 2.471667
-0.714642 0.663494 2.644338
-0.732691 0.815359 2.800859
-0.738120 0.860555 2.787309
-0.300447 0.511569 2.502849
-0.175070 0.418632 2.673762
-0.421772 0.566464 2.688589
-0.427252 0.646365 2.727299
-0.473612 0.025895 2.604180
-0.516749 -0.274231 2.648896
-0.306141 -0.539084 2.619063
-0.333082 -0.447611 2.532979
-0.330603 0.029814 2.618112
-0.293712 -0.268872 2.675813
-0.266942 -0.720796 2.720443
-0.237578 -0.673332 2.593873
-0.431290 0.555733 2.488935
-0.745012 0.895763 2.822515
-0.720391 0.822950 2.841750
-0.483633 0.683287 2.783806
-0.449384 0.696969 2.711505
