-0.053388 -0.110496 2.444690
-0.004573 0.220077 2.381541
0.047742 0.539176 2.307136
0.152899 0.598898 2.345893
-0.020176 0.385285 2.191070
-0.038618 0.101393 2.160280
0.018341 -0.095525 2.199652
0.023080 -0.125416 2.223465
0.049990 0.370454 2.226205
-0.014198 0.162355 2.153733
0.076183 0.103224 2.402432
0.101165 0.034481 2.353886
-0.121947 -0.090660 2.367292
0.013228 -0.488029 2.514075
-0.059945 -0.799264 2.616674
0.020891 -0.839179 2.575512
0.013918 -0.125427 2.444350
0.130574 -0.488793 2.738314
0.100448 -0.746614 2.823539
0.180419 -0.776715 2.836409
0.034538 0.461008 2.327949
0.046761 -0.185419 2.266877
-0.026655 -0.092915 2.262818
0.100928 0.016486 2.348314
0.100020 0.038542 2.327250
