-0.020898 -0.011968 2.534103
0.007034 0.269175 2.416900
0.037178 0.541573 2.287315
0.078370 0.614176 2.264034
-0.123280 0.435377 2.307693
-0.225267 0.195105 2.355414
-0.220897 -0.015707 2.352856
-0.212943 -0.038187 2.369522
0.152052 0.419618 2.429052
0.152174 0.186732 2.514753
0.164141 -0.043108 2.519582
0.147499 -0.115552 2.541130
-0.082532 -0.007422 2.476836
-0.078774 -0.460845 2.531629
-0.071449 -0.787350 2.589846
0.005435 -0.837547 2.535017
0.039562 -0.015714 2.513870
0.011346 -0.462110 2.659682
0.006221 -0.770479 2.698410
0.051422 -0.824518 2.633937
0.029622 0.474947 2.322089
-0.201197 -0.114260 2.380302
-0.171242 -0.033947 2.357429
0.142649 -0.184814 2.567686
0.118991 -0.120072 2.528833
