-0.506104 -0.133012 2.177700
-0.492437 0.168754 2.066427
-0.473860 0.463435 1.943671
-0.392859 0.567028 1.944528
-0.563883 0.325323 1.863576
-0.571446 0.092254 1.838227
-0.348091 0.039126 1.943773
-0.295840 0.043919 1.976176
-0.413968 0.362260 2.094716
-0.417359 0.181959 2.173607
-0.335472 0.081804 2.007725
-0.284050 0.051875 1.984803
-0.535860 -0.138625 2.093325
-0.571083 -0.503450 2.159815
-0.599635 -0.845918 2.275000
-0.538550 -0.911117 2.235427
-0.458999 -0.122861 2.192760
-0.397970 -0.486438 2.327906
-0.349556 -0.820614 2.394787
-0.276836 -0.861790 2.399446
-0.479120 0.391027 1.976491
-0.227028 0.050056 1.989957
-0.294105 0.081707 1.977783
-0.255083 0.029222 1.974666
-0.320604 0.045076 1.933156
