0.263159 -0.178160 1.986888
0.244908 0.125764 1.910913
0.225330 0.419220 1.822694
0.247193 0.554479 1.769626
0.088368 0.304190 1.808682
0.034595 0.082712 1.834717
0.235285 -0.081409 1.781472
0.282037 -0.114172 1.782598
0.388096 0.322833 1.896664
0.419831 0.103865 1.960043
0.389325 -0.059493 1.848421
0.354791 -0.095644 1.816024
0.194326 -0.173374 1.939212
0.137223 -0.510770 1.958839
0.130489 -0.876715 2.049874
0.183446 -0.945060 2.010408
0.322235 -0.176467 1.963918
0.350721 -0.513029 2.081995
0.311556 -0.854984 2.260913
0.330925 -0.929067 2.202004
0.230457 0.347424 1.846898
0.325637 -0.130852 1.771385
0.287205 -0.144402 1.790000
0.332439 -0.124961 1.775862
0.378156 -0.119737 1.810190
