-0.368673 -0.149882 2.183574
-0.529097 0.173293 2.145302
-0.682568 0.484463 2.096109
-0.782532 0.592648 2.107792
-0.784569 0.380162 2.242357
-0.819996 0.187545 2.051186
-1.023708 0.132695 2.186394
-1.071384 0.101923 2.241535
-0.522156 0.304985 1.997240
-0.764004 0.211446 1.997271
-0.960259 0.148823 2.118783
-1.010731 0.139866 2.156778
-0.402284 -0.165584 2.171249
-0.397836 -0.538042 2.196372
-0.365499 -0.847038 2.354282
-0.472736 -0.887028 2.294928
-0.323509 -0.129734 2.125695
-0.399714 -0.483342 2.142350
-0.405907 -0.841398 2.227536
-0.480387 -0.912007 2.177170
-0.645253 0.408175 2.110314
-1.106190 0.067242 2.243796
-1.036102 0.098091 2.230615
-1.082478 0.113590 2.212806
-0.965164 0.126175 2.150625
