-0.495318 -0.161063 2.184727
-0.535638 0.155175 2.096028
-0.569333 0.460082 1.995001
-0.662759 0.552449 1.970909
-0.637541 0.337891 2.146393
-0.663676 0.096007 2.094564
-0.576499 0.281596 2.006151
-0.545078 0.349872 1.976610
-0.438209 0.333779 1.936801
-0.474733 0.075936 1.944100
-0.684862 0.028725 1.944744
-0.685484 0.050686 1.941476
-0.533490 -0.161994 2.180025
-0.533541 -0.513846 2.282576
-0.493764 -0.841315 2.341352
-0.570295 -0.888767 2.308749
-0.441186 -0.154856 2.119478
-0.371871 -0.518744 2.144635
-0.339412 -0.847543 2.271049
-0.323875 -0.909788 2.184507
-0.561798 0.385400 2.022370
-0.494102 0.405303 1.932291
-0.605378 0.388115 2.006871
-0.763257 0.051284 1.947871
-0.676200 0.093250 2.000647
