-0.038362 -0.159056 2.470643
0.056365 0.180863 2.428370
0.154192 0.508121 2.371836
0.258825 0.591056 2.403834
0.035198 0.370423 2.232787
-0.011929 0.109283 2.196568
0.038169 -0.096582 2.232771
0.020869 -0.130228 2.268033
0.206489 0.389438 2.524003
0.174001 0.119815 2.625497
0.314150 0.017868 2.741575
0.314483 0.078681 2.732503
-0.086070 -0.136119 2.402656
0.006328 -0.462826 2.491865
-0.006818 -0.783188 2.613436
0.057269 -0.840450 2.550982
0.012824 -0.177955 2.464870
0.123808 -0.447206 2.728873
0.109967 -0.764810 2.827914
0.185919 -0.766628 2.861356
0.129352 0.427878 2.388370
0.033851 -0.167470 2.297076
-0.018984 -0.122521 2.278708
0.318240 0.078694 2.733019
0.327356 0.059369 2.744682
