-0.057320 -0.075567 2.358437
-0.027874 0.225094 2.283167
0.000393 0.517434 2.197327
0.064391 0.637154 2.173319
-0.133612 0.409189 2.147379
-0.200230 0.165437 2.144379
-0.128174 -0.037526 2.166481
-0.090718 -0.071155 2.199296
0.111782 0.394429 2.328254
0.102185 0.189089 2.390180
0.067982 -0.007447 2.292619
0.025202 -0.039849 2.264101
-0.113342 -0.068069 2.285292
-0.119123 -0.468227 2.314532
-0.132641 -0.824936 2.343604
-0.085663 -0.892314 2.276279
0.000168 -0.080733 2.360444
-0.026212 -0.450741 2.471612
-0.056515 -0.830007 2.504626
0.003296 -0.866950 2.473865
-0.006578 0.445651 2.220652
-0.058892 -0.098395 2.211567
-0.129899 -0.084694 2.176044
0.006464 -0.117004 2.218935
0.057052 -0.054942 2.283200
