-0.008307 -0.178346 2.179935
0.022863 0.090446 2.042717
0.057042 0.350143 1.896829
0.111752 0.417669 1.813100
-0.063081 0.261388 1.885131
-0.049087 0.007400 1.932198
0.081321 -0.157045 1.973334
0.126113 -0.210468 1.989895
0.207649 0.261525 2.066334
0.172865 0.047096 2.083215
0.122215 -0.139240 1.974017
0.100195 -0.177892 1.972986
-0.068587 -0.174431 2.103937
-0.108261 -0.473397 2.165388
-0.135473 -0.837685 2.331177
-0.185431 -0.895904 2.273992
0.052544 -0.177062 2.183940
0.083027 -0.485778 2.236249
0.058288 -0.828579 2.300614
0.096719 -0.888917 2.263356
0.048427 0.286618 1.935112
0.180366 -0.281192 2.002358
0.081296 -0.194850 1.934167
0.100141 -0.220585 1.969559
0.134571 -0.194418 1.974270
