0.005112 -0.173998 1.951870
0.032029 0.124753 1.886649
0.059719 0.412896 1.807418
0.089279 0.553529 1.759780
-0.097571 0.322736 1.814019
-0.158113 0.085457 1.824258
-0.080901 -0.122429 1.792191
-0.050325 -0.157710 1.798829
0.217376 0.302759 1.847642
0.208944 0.074611 1.853669
0.129194 -0.130441 1.807871
0.086313 -0.157600 1.807951
-0.065880 -0.162963 1.907825
-0.152020 -0.520409 1.966970
-0.228626 -0.893876 2.111821
-0.255870 -0.947796 2.046335
0.075878 -0.177455 1.924752
0.066743 -0.498827 2.038094
0.028132 -0.859093 2.157009
0.054953 -0.927198 2.114125
0.052811 0.342470 1.829535
-0.012510 -0.224772 1.791357
-0.006345 -0.166560 1.772084
0.035779 -0.216983 1.794029
0.107797 -0.184822 1.813765
