-0.160133 -0.112883 2.334736
-0.166112 0.172386 2.255132
-0.169734 0.449315 2.163210
-0.138271 0.573505 2.101302
-0.300780 0.335482 2.140690
-0.343759 0.090113 2.171603
-0.320246 -0.123487 2.175910
-0.301046 -0.188340 2.197287
-0.013310 0.338386 2.218003
0.081285 0.115402 2.307922
0.161428 -0.079497 2.253828
0.175457 -0.157475 2.243971
-0.222419 -0.113770 2.287291
-0.279380 -0.487583 2.383266
-0.307371 -0.803563 2.454950
-0.299239 -0.873270 2.361539
-0.093034 -0.108646 2.313212
-0.089628 -0.415329 2.441090
-0.081069 -0.766049 2.532888
-0.032414 -0.840945 2.493653
-0.169101 0.381341 2.188364
-0.304089 -0.245006 2.215340
-0.326064 -0.200511 2.184333
0.181836 -0.221738 2.236355
0.156925 -0.186104 2.253900
