-0.042767 -0.149324 2.153652
-0.049636 0.137778 2.101830
-0.057060 0.415610 2.038333
-0.049388 0.555622 1.982799
-0.201741 0.299218 2.037725
-0.236638 0.052739 2.067898
-0.234265 -0.163308 2.051391
-0.217728 -0.229575 2.064085
0.098759 0.296861 2.039241
0.144047 0.053447 2.082343
0.158945 -0.162003 2.076616
0.151721 -0.230460 2.092253
-0.106143 -0.147863 2.121180
-0.149989 -0.491314 2.249960
-0.168269 -0.813759 2.332412
-0.174143 -0.898230 2.237574
0.022160 -0.146311 2.116789
0.060714 -0.481014 2.236448
0.079944 -0.816156 2.338803
0.113840 -0.899162 2.263969
-0.055195 0.347419 2.056312
-0.213956 -0.297195 2.077734
-0.186407 -0.202595 2.069305
0.151633 -0.298436 2.091850
0.182790 -0.229752 2.076084
