-0.048975 -0.114093 2.385432
-0.024109 0.209638 2.316509
0.002591 0.521528 2.239571
0.072962 0.636223 2.236259
-0.057655 0.377662 2.163980
0.017944 0.093302 2.126195
0.117651 -0.091597 2.161181
0.167477 -0.149746 2.206232
0.097231 0.408787 2.361718
0.126950 0.171161 2.513877
0.068769 -0.108052 2.444734
0.078892 -0.178037 2.494034
-0.087176 -0.103619 2.330088
0.010097 -0.463343 2.425562
0.010041 -0.817230 2.473456
0.087708 -0.851563 2.472656
-0.011460 -0.120750 2.379756
-0.107110 -0.473603 2.514033
-0.081463 -0.788675 2.579139
0.030586 -0.823714 2.531301
-0.004345 0.444901 2.261158
0.200615 -0.202473 2.249129
0.165507 -0.192738 2.218539
0.086717 -0.227244 2.533455
0.086881 -0.161807 2.491189
