0.004280 -0.158890 2.090078
0.054249 0.139222 2.036088
0.101669 0.426688 1.965850
0.050805 0.543421 1.948879
-0.039490 0.294056 2.055272
-0.089602 0.046953 2.179506
-0.107396 -0.166437 2.184113
-0.126561 -0.194744 2.175378
0.157942 0.278104 1.893807
0.183523 0.024757 1.843899
0.128656 -0.195982 1.833229
0.097465 -0.273911 1.842302
-0.045885 -0.149466 2.091898
-0.038837 -0.457119 2.159265
0.027860 -0.683842 2.369010
0.016277 -0.773262 2.267852
0.053453 -0.162602 2.019177
0.101444 -0.488778 2.072959
0.078392 -0.850636 2.173815
0.010770 -0.928835 2.097706
0.090009 0.356314 1.985892
-0.137810 -0.257562 2.179258
-0.103803 -0.184262 2.122091
0.080855 -0.343764 1.838747
0.074903 -0.304619 1.801476
