0.570285 -0.075910 2.254756
0.583712 0.192605 2.162738
0.580246 0.456101 2.063656
0.630938 0.586176 2.058383
0.530364 0.333632 2.018496
0.549486 0.077690 1.994342
0.563846 -0.130066 2.035226
0.549961 -0.178698 2.078377
0.774715 0.469972 2.355330
0.779555 0.597374 2.150082
0.759486 0.465255 2.378605
0.754062 0.422221 2.458187
0.526479 -0.079769 2.202924
0.528178 -0.405241 2.235293
0.466717 -0.826858 2.320677
0.541252 -0.898707 2.291293
0.596983 -0.069796 2.239501
0.534797 -0.403668 2.275561
0.587725 -0.773894 2.485574
0.653806 -0.852130 2.491981
0.582956 0.391942 2.090628
0.541509 -0.262814 2.086438
0.522052 -0.124471 2.021142
0.774740 0.384626 2.497520
0.709554 0.399286 2.422723
