-0.331393 -0.173375 2.059283
-0.314468 0.124150 2.002128
-0.294232 0.413101 1.931489
-0.357224 0.529077 1.876127
-0.460468 0.278121 2.003698
-0.499556 0.038136 2.061522
-0.507698 -0.176385 2.059068
-0.506894 -0.220114 2.073085
-0.185836 0.279224 1.895308
-0.113982 0.020577 1.918357
-0.115453 -0.194280 1.917295
-0.125597 -0.269974 1.923709
-0.384892 -0.170450 2.045699
-0.412367 -0.522626 2.119071
-0.448378 -0.857096 2.188485
-0.398149 -0.932370 2.118417
-0.265106 -0.169955 2.007581
-0.191784 -0.466322 2.087363
-0.170525 -0.830523 2.239778
-0.230596 -0.909830 2.185712
-0.299678 0.342210 1.951388
-0.512837 -0.285812 2.073847
-0.454943 -0.208115 2.049334
-0.128248 -0.343744 1.929769
-0.158876 -0.272879 1.932167
