0.438490 -0.123516 2.349112
0.627115 0.140759 2.252805
0.804477 0.399224 2.141912
0.867484 0.512282 2.115353
0.654780 0.260691 2.124576
0.837265 0.054671 2.129887
0.984586 -0.056905 2.220683
1.027380 -0.078578 2.250254
0.902264 0.291832 2.266752
0.890672 0.003537 2.196749
1.058344 -0.091342 2.299946
1.072306 -0.133579 2.332211
0.399003 -0.102809 2.291214
0.492068 -0.426111 2.261971
0.505819 -0.825746 2.337678
0.574507 -0.892255 2.348568
0.463735 -0.138871 2.338055
0.478768 -0.552432 2.288922
0.527356 -0.861415 2.348873
0.481056 -0.903996 2.377110
0.760941 0.335844 2.171377
1.072514 -0.124990 2.310216
1.025797 -0.025666 2.275000
1.086100 -0.165640 2.356043
1.083627 -0.138779 2.310077
