-0.366935 -0.164082 2.022661
-0.382677 0.113647 1.922998
-0.395091 0.382353 1.810539
-0.327979 0.491742 1.771946
-0.454828 0.250209 1.749049
-0.454857 -0.016572 1.752981
-0.402725 -0.217696 1.799661
-0.386219 -0.295612 1.823144
-0.291506 0.292896 1.959830
-0.230426 0.148934 2.180050
-0.093843 -0.007434 2.228369
-0.096909 -0.065328 2.231794
-0.401819 -0.169334 1.931274
-0.452828 -0.461316 2.027503
-0.446007 -0.843786 2.151692
-0.369612 -0.925941 2.115542
-0.314870 -0.154564 2.045019
-0.352868 -0.428955 2.225592
-0.441444 -0.745661 2.354537
-0.416104 -0.792269 2.427746
-0.392549 0.316549 1.840818
-0.375975 -0.361589 1.855303
-0.369899 -0.253783 1.836547
-0.094177 -0.131251 2.197124
-0.093182 -0.062172 2.190875
