-0.364532 -0.061213 2.176616
-0.340386 0.235338 2.092328
-0.313849 0.522005 1.997743
-0.385703 0.651889 1.990046
-0.439301 0.435773 2.090203
-0.460821 0.170243 2.132933
-0.498383 -0.016193 2.247378
-0.508435 -0.019310 2.263322
-0.255688 0.365931 1.922042
-0.280345 0.070754 1.886730
-0.389981 -0.124483 1.918555
-0.400351 -0.150154 1.952658
-0.411986 -0.050651 2.177495
-0.293952 -0.426465 2.302830
-0.349101 -0.745380 2.395828
-0.420116 -0.810165 2.378782
-0.307323 -0.069180 2.107954
-0.318502 -0.438235 2.123548
-0.168069 -0.767835 2.260657
-0.206543 -0.842285 2.212891
-0.321004 0.451851 2.023220
-0.503071 -0.033592 2.280524
-0.508912 -0.016491 2.240429
-0.425292 -0.221429 1.981567
-0.353627 -0.149454 1.999869
