-0.551297 -0.097002 2.078484
-0.560184 0.225786 2.014637
-0.563058 0.537229 1.941475
-0.558062 0.679424 1.925898
-0.658916 0.447318 2.032334
-0.771144 0.157883 1.984789
-0.882996 0.089483 2.185057
-0.925928 0.137215 2.121899
-0.477881 0.395868 1.916227
-0.710080 0.190469 1.889303
-0.834188 0.048805 2.003065
-0.850060 0.091879 2.049320
-0.601555 -0.096586 2.036412
-0.520384 -0.449679 2.168373
-0.609812 -0.828788 2.188386
-0.659060 -0.881577 2.088611
-0.482917 -0.094042 2.052844
-0.465275 -0.385478 2.272320
-0.416930 -0.698663 2.414985
-0.505656 -0.756492 2.329806
-0.563022 0.460986 1.961711
-0.934574 0.153097 2.130721
-0.918918 0.156678 2.101500
-0.879023 0.087718 2.083309
-0.830268 0.079257 2.051572
