-0.060886 -0.071951 2.297928
-0.062305 0.219303 2.229099
-0.062928 0.501182 2.147660
-0.061993 0.641828 2.088282
-0.219689 0.389207 2.144320
-0.257513 0.128115 2.189988
-0.251559 -0.100491 2.191171
-0.245018 -0.121843 2.207121
0.089037 0.383442 2.137805
0.141106 0.123687 2.179385
0.155318 -0.101510 2.206194
0.141445 -0.151634 2.231112
-0.129478 -0.071612 2.263021
-0.135055 -0.430219 2.417152
-0.132994 -0.725163 2.472389
-0.119320 -0.812483 2.384469
0.009666 -0.070205 2.262312
0.007921 -0.388795 2.399829
0.011049 -0.706658 2.485754
0.019374 -0.805753 2.407840
-0.062846 0.432079 2.170228
-0.236872 -0.192198 2.228227
-0.280067 -0.128992 2.196769
0.127448 -0.195420 2.252757
0.175412 -0.148604 2.229182
