-0.438635 -0.060270 2.156342
-0.551627 0.187229 2.029777
-0.659467 0.425523 1.891518
-0.755602 0.533224 1.865974
-0.794206 0.315003 1.979855
-0.780913 0.007336 2.021149
-0.928856 -0.145738 1.790100
-0.950333 -0.160938 1.790657
-0.556083 0.293084 1.837192
-0.651284 0.064614 1.773758
-0.841321 -0.092728 1.763515
-0.918894 -0.138170 1.779571
-0.476196 -0.072127 2.145948
-0.459509 -0.458129 2.282452
-0.473615 -0.744403 2.304974
-0.537822 -0.834924 2.296786
-0.387491 -0.046528 2.097058
-0.196134 -0.380995 2.244982
-0.032584 -0.732714 2.440496
-0.010707 -0.814268 2.400855
-0.633550 0.367370 1.928014
-0.988228 -0.196038 1.797045
-0.949401 -0.149659 1.754716
-0.975829 -0.192947 1.789635
-0.909732 -0.168625 1.771778
