-0.283764 -0.097371 2.126878
-0.293156 0.185382 2.071258
-0.300828 0.459130 2.006346
-0.306099 0.596490 1.941579
-0.457583 0.361520 1.995597
-0.555982 0.154925 2.008025
-0.334830 0.176888 1.811288
-0.285942 0.170079 1.765511
-0.131280 0.360732 1.985695
0.013490 0.175918 1.986968
-0.146765 0.192230 1.815006
-0.247733 0.179613 1.768820
-0.349128 -0.098346 2.091420
-0.367447 -0.434297 2.232291
-0.369933 -0.758800 2.331188
-0.370163 -0.847206 2.238169
-0.209366 -0.092606 2.093019
-0.194638 -0.424720 2.231200
-0.185675 -0.750491 2.328727
-0.157292 -0.838206 2.255439
-0.299243 0.392216 2.024540
-0.253692 0.170563 1.751904
-0.285120 0.137236 1.762941
-0.288634 0.171040 1.747514
-0.214220 0.215840 1.753100
