-0.275814 -0.092701 2.174577
-0.308154 0.190216 2.082502
-0.337377 0.464077 1.978464
-0.304280 0.596855 1.924743
-0.453604 0.333806 1.941191
-0.481287 0.070476 1.995155
-0.456353 -0.153498 2.024638
-0.440494 -0.153673 2.031636
-0.171067 0.366962 2.040291
-0.116462 0.127377 2.119969
-0.067279 -0.072195 2.208536
-0.074611 -0.115430 2.228142
-0.338262 -0.101103 2.118231
-0.385018 -0.425890 2.235588
-0.379271 -0.756943 2.326195
-0.369736 -0.846807 2.242993
-0.203746 -0.081151 2.161742
-0.138537 -0.398284 2.295757
-0.079286 -0.717080 2.419879
-0.004808 -0.798942 2.393647
-0.330576 0.396984 2.006583
-0.432352 -0.232408 2.052898
-0.407432 -0.128592 2.030545
-0.064199 -0.186511 2.252098
-0.043630 -0.100374 2.214636
