-0.353964 -0.074257 2.313577
-0.381234 0.213697 2.210140
-0.404094 0.492155 2.095163
-0.476633 0.602433 2.034533
-0.550616 0.350142 2.155959
-0.569331 0.091704 2.246755
-0.518776 -0.131122 2.253401
-0.544962 -0.123075 2.271197
-0.269627 0.384562 2.069879
-0.153124 0.133446 2.133815
-0.081670 -0.074473 2.186563
-0.072720 -0.116547 2.208536
-0.414873 -0.076028 2.295716
-0.402931 -0.364778 2.406004
-0.411391 -0.710466 2.489529
-0.457263 -0.799351 2.420887
-0.282235 -0.070005 2.262439
-0.234313 -0.370575 2.406062
-0.162575 -0.719091 2.513806
-0.109627 -0.796963 2.446568
-0.398987 0.423939 2.125976
-0.576630 -0.183120 2.256508
-0.523679 -0.135470 2.266400
-0.070799 -0.186370 2.233970
-0.047021 -0.110610 2.195000
