-0.061374 -0.005603 2.394386
0.074080 0.265565 2.308562
0.195703 0.534535 2.224550
0.289679 0.633357 2.234476
0.066634 0.416269 2.145793
-0.040996 0.130529 2.135817
-0.037828 -0.086032 2.179917
-0.038047 -0.120201 2.231031
0.325333 0.440307 2.320946
0.360053 0.184243 2.465253
0.505580 0.031766 2.523183
0.568992 -0.029473 2.566932
-0.101795 0.002680 2.306390
-0.029055 -0.376861 2.430707
-0.079049 -0.724330 2.477003
-0.007475 -0.797569 2.426662
-0.018736 -0.013819 2.412245
0.059688 -0.324385 2.558074
0.049370 -0.703696 2.657869
0.123957 -0.760304 2.649788
0.164004 0.469223 2.247301
-0.029716 -0.189563 2.257413
-0.086374 -0.096573 2.251115
0.624187 -0.084092 2.598247
0.578354 -0.071884 2.564300
