-0.455924 -0.092697 2.123705
-0.433478 0.208708 2.075264
-0.407390 0.499700 2.013994
-0.446845 0.627612 1.979297
-0.598543 0.366016 2.069360
-0.786376 0.308676 1.950985
-0.617616 0.451310 1.895426
-0.596497 0.497719 1.867838
-0.303436 0.355385 1.949230
-0.252615 0.096630 1.942380
-0.249494 -0.126181 1.956712
-0.270447 -0.200088 1.982091
-0.515245 -0.088585 2.118960
-0.487788 -0.417960 2.287332
-0.493056 -0.745841 2.394799
-0.545577 -0.825683 2.335567
-0.381068 -0.093304 2.059408
-0.339353 -0.421369 2.176967
-0.325922 -0.764713 2.278895
-0.344133 -0.853074 2.202787
-0.414382 0.428447 2.031462
-0.564001 0.550545 1.805680
-0.614859 0.506167 1.809455
-0.279835 -0.270073 1.998054
-0.300422 -0.176602 1.972429
