-0.340899 -0.040925 2.393202
-0.341298 0.250260 2.330141
-0.340097 0.532533 2.255319
-0.331552 0.673071 2.199120
-0.490332 0.420207 2.250036
-0.528013 0.159169 2.301901
-0.532519 -0.068581 2.311118
-0.526216 -0.069770 2.324989
-0.181224 0.419356 2.254986
-0.128529 0.159263 2.297663
-0.124448 -0.065487 2.328811
-0.125857 -0.098326 2.340716
-0.405862 -0.040674 2.357850
-0.417552 -0.363795 2.469226
-0.420314 -0.701356 2.568908
-0.427383 -0.783161 2.468414
-0.266028 -0.040033 2.359594
-0.254721 -0.385246 2.488061
-0.252401 -0.700197 2.559327
-0.229199 -0.784559 2.474355
-0.340717 0.463274 2.276136
-0.523363 -0.146425 2.348764
-0.560494 -0.082660 2.313074
-0.129855 -0.159986 2.356236
-0.090207 -0.116491 2.337333
