0.528516 -0.047636 2.345029
0.624600 0.235223 2.256466
0.714016 0.510511 2.158377
0.780553 0.631763 2.127943
0.612657 0.388249 2.101012
0.727381 0.141855 2.112127
0.606262 0.313260 2.009394
0.615685 0.351544 2.051495
0.814174 0.423014 2.246957
0.787145 0.152087 2.250474
0.756651 -0.155291 2.259624
0.738954 -0.260839 2.259562
0.461093 -0.035478 2.255947
0.506699 -0.315637 2.347866
0.508713 -0.685535 2.464022
0.559189 -0.789793 2.435801
0.581694 -0.059905 2.365233
0.469432 -0.439808 2.375985
0.576858 -0.726627 2.603658
0.632182 -0.799358 2.497131
0.692477 0.442881 2.184568
0.584945 0.423223 2.070885
0.548955 0.283838 2.042091
0.736069 -0.317694 2.266578
0.733352 -0.277234 2.212715
