0.265254 -0.003737 2.526749
0.219175 0.291927 2.453934
0.173385 0.578683 2.369417
0.210856 0.705002 2.338037
0.078754 0.435320 2.292491
0.054421 0.166152 2.296949
0.117077 -0.052318 2.311548
0.131081 -0.103310 2.338866
0.306238 0.456126 2.423940
0.350507 0.154948 2.456551
0.467409 0.031234 2.594392
0.469427 -0.060869 2.611013
0.198485 -0.016879 2.456626
0.104394 -0.333719 2.529916
0.036133 -0.674675 2.640753
0.087206 -0.761424 2.582780
0.324811 0.009499 2.527229
0.265437 -0.325994 2.643724
0.278362 -0.671074 2.708195
0.331603 -0.746506 2.670540
0.184859 0.508311 2.392656
0.160313 -0.165820 2.357351
0.112701 -0.123617 2.319937
0.478428 -0.102053 2.641959
0.452557 -0.065301 2.575439
