0.007539 -0.005873 2.537884
-0.014370 0.282524 2.467062
-0.035885 0.562323 2.384517
-0.030344 0.706255 2.337367
-0.183178 0.450330 2.387858
-0.202018 0.182282 2.435681
-0.206274 -0.043180 2.462582
-0.211342 -0.091520 2.487908
0.127582 0.452365 2.389750
0.192669 0.202234 2.441144
0.220272 -0.023732 2.452383
0.201108 -0.034995 2.456586
-0.062475 -0.011909 2.503731
-0.068670 -0.329842 2.648623
-0.052494 -0.652935 2.726228
-0.066166 -0.742797 2.630827
0.077263 0.000425 2.501866
0.125492 -0.355030 2.540965
0.147237 -0.701604 2.598305
0.159989 -0.773401 2.508113
-0.030575 0.493645 2.407284
-0.205671 -0.142721 2.497535
-0.237643 -0.085616 2.486643
0.214986 -0.104401 2.465002
0.232569 -0.015608 2.455727
