0.005254 -0.050033 2.399431
0.007096 0.247980 2.334531
0.009027 0.536792 2.257250
-0.019112 0.682710 2.232951
-0.151465 0.413040 2.267544
-0.185921 0.156580 2.314130
-0.188614 -0.072033 2.312751
-0.176285 -0.122013 2.332767
0.150529 0.410622 2.237703
0.211580 0.146997 2.275696
0.219951 -0.081353 2.276239
0.219306 -0.139846 2.284973
-0.063878 -0.049672 2.369328
-0.022054 -0.392093 2.496789
-0.048936 -0.703143 2.696190
-0.022530 -0.765661 2.561302
0.074251 -0.048967 2.359332
0.061343 -0.386137 2.476160
0.058607 -0.715909 2.511158
0.065497 -0.808043 2.423530
0.008534 0.465940 2.278741
-0.157782 -0.171794 2.342750
-0.207244 -0.142558 2.334125
0.215096 -0.186528 2.294049
0.248808 -0.137508 2.288000
