0.551892 -0.099317 2.047246
0.576482 0.181122 1.952746
0.597942 0.449078 1.846926
0.662768 0.563342 1.804984
0.476996 0.315773 1.800904
0.378106 0.079068 1.811058
0.474555 -0.125941 1.826256
0.484621 -0.175124 1.871922
0.744822 0.292285 1.964398
0.840196 0.099154 2.024834
0.993429 -0.066266 2.017739
1.053912 -0.108022 2.012044
0.479114 -0.104961 1.975698
0.462765 -0.413270 2.058186
0.483371 -0.788522 2.154135
0.555959 -0.875847 2.127187
0.606073 -0.090344 2.050889
0.595288 -0.342336 2.196839
0.591964 -0.694704 2.354613
0.642391 -0.771446 2.395463
0.592805 0.383536 1.875415
0.529627 -0.218237 1.883940
0.453400 -0.200813 1.906750
1.120017 -0.131103 2.007832
1.036385 -0.133420 2.042428
