0.135203 0.040422 2.380931
0.097789 0.346173 2.270995
0.066392 0.641792 2.151481
0.173749 0.727566 2.148329
-0.047649 0.520109 2.092080
-0.082498 0.221118 2.079487
-0.034806 0.008325 2.123849
-0.000315 -0.054742 2.170904
0.178773 0.539185 2.325752
0.210888 0.244140 2.390427
0.299376 0.056383 2.572066
0.307821 0.054492 2.571450
0.083953 0.027726 2.290992
0.049668 -0.397388 2.435587
0.064283 -0.722780 2.549112
0.113280 -0.770974 2.478217
0.182302 0.052429 2.394567
0.186883 -0.408699 2.503265
0.180702 -0.744383 2.579165
0.222425 -0.768256 2.490562
0.074006 0.569528 2.183153
0.016560 -0.123938 2.190967
0.047180 -0.029540 2.205963
0.334286 0.025204 2.588876
0.289948 0.032445 2.559500
