-0.034750 -0.026779 2.045795
-0.042299 0.285922 1.970849
-0.049017 0.586365 1.883220
-0.054983 0.735617 1.830038
-0.222727 0.464478 1.916872
-0.271383 0.177259 1.989278
-0.262259 -0.043645 2.020095
-0.256820 -0.063445 2.020504
0.114637 0.456727 1.892318
0.184395 0.198941 1.935471
0.197995 -0.023880 1.954427
0.190310 -0.073763 1.964117
-0.110680 -0.029428 2.013640
-0.142415 -0.413298 2.120538
-0.151504 -0.785921 2.302929
-0.180449 -0.847125 2.245125
0.042503 -0.023163 2.003181
0.093736 -0.393939 2.112441
0.102706 -0.779128 2.274445
0.118973 -0.841352 2.203087
-0.047443 0.513070 1.907307
-0.262677 -0.141857 2.016759
-0.201740 -0.050286 2.003609
0.198183 -0.160850 1.968770
0.138358 -0.079497 1.951064
