-0.024207 -0.027559 2.042675
-0.029152 0.285551 1.968423
-0.033097 0.586305 1.881457
-0.035967 0.735572 1.827818
-0.206285 0.467475 1.913158
-0.256796 0.186347 1.980214
-0.241619 -0.035591 2.004241
-0.233737 -0.062135 1.998624
0.130225 0.455656 1.891271
0.197899 0.197120 1.934972
0.207935 -0.025559 1.956177
0.204437 -0.074645 1.966345
-0.100054 -0.028993 2.009717
-0.127087 -0.421457 2.103880
-0.126352 -0.789199 2.276591
-0.156054 -0.853770 2.216532
0.052695 -0.025053 2.000735
0.098950 -0.392006 2.114499
0.103762 -0.777986 2.275626
0.115317 -0.842316 2.209811
-0.032217 0.512939 1.905378
-0.240402 -0.141897 1.995636
-0.182406 -0.071991 1.974773
0.212177 -0.160163 1.973795
0.152046 -0.087408 1.963281
