-0.031971 -0.033036 2.012974
-0.042671 0.279854 1.944151
-0.052624 0.580150 1.862215
-0.056400 0.725433 1.800055
-0.223354 0.458483 1.883565
-0.266885 0.185003 1.928458
-0.248377 -0.038391 1.941232
-0.237561 -0.077930 1.949002
0.116584 0.454299 1.877925
0.184162 0.196304 1.920821
0.199108 -0.026382 1.940150
0.190319 -0.074013 1.941026
-0.108449 -0.034617 1.976878
-0.119437 -0.401326 2.105671
-0.111596 -0.782903 2.280263
-0.146669 -0.858059 2.212417
0.045704 -0.030224 1.974243
0.091832 -0.393834 2.108598
0.101665 -0.778513 2.279917
0.119715 -0.842707 2.200793
-0.050246 0.506916 1.884912
-0.234426 -0.166387 1.953761
-0.185503 -0.073336 1.938846
0.195549 -0.158689 1.945585
0.139600 -0.075777 1.935444
