0.407136 -0.112855 1.873243
0.494198 0.220859 1.779482
0.570039 0.531496 1.671516
0.691117 0.618506 1.658787
0.436287 0.393425 1.599497
0.524601 0.098354 1.587812
0.706054 0.017815 1.671521
0.790023 0.030285 1.727960
0.660976 0.353189 1.820477
0.760750 0.145839 1.952808
0.918432 0.018722 1.852036
0.865292 0.024737 1.766272
0.348202 -0.120358 1.798105
0.404476 -0.472943 1.933850
0.431322 -0.831215 2.056874
0.481539 -0.892236 2.007682
0.451856 -0.119912 1.871451
0.602804 -0.445366 2.129774
0.539732 -0.842603 2.183386
0.570591 -0.879090 2.195301
0.552395 0.455803 1.701446
0.866805 0.023839 1.770669
0.831548 0.007278 1.705300
0.859493 0.012113 1.738246
0.851756 0.035598 1.737000
