-0.006108 -0.036389 1.995858
-0.015766 0.280908 1.937169
-0.025269 0.585190 1.865484
-0.025706 0.733630 1.817862
-0.193612 0.460254 1.879237
-0.235749 0.201429 1.910411
-0.216221 -0.022072 1.922728
-0.198900 -0.080336 1.939055
0.144326 0.448182 1.871493
0.198553 0.187390 1.896225
0.207579 -0.035492 1.916527
0.185323 -0.089036 1.928367
-0.083082 -0.037386 1.960405
-0.107706 -0.421802 2.104458
-0.116090 -0.785303 2.276184
-0.145391 -0.847574 2.207059
0.071047 -0.034031 1.956453
0.117425 -0.391059 2.105966
0.124148 -0.777537 2.271486
0.138540 -0.845174 2.205057
-0.022942 0.510990 1.885597
-0.196687 -0.175133 1.954347
-0.238980 -0.095749 1.926917
0.188092 -0.178394 1.936786
0.142197 -0.086212 1.909182
