0.493632 -0.144968 1.930758
0.702739 0.126838 1.842085
0.898660 0.389570 1.742269
1.010896 0.482265 1.718081
0.668305 0.334646 1.679190
0.784561 0.051555 1.652162
0.940176 -0.129270 1.714838
0.978060 -0.152416 1.733797
1.067916 0.189433 2.006099
0.895671 0.054618 1.776140
0.738846 0.148454 1.523566
0.759541 0.221513 1.480399
0.419725 -0.083916 1.877156
0.408445 -0.493452 1.916277
0.410937 -0.853513 2.023862
0.477285 -0.898810 1.993680
0.550363 -0.201725 1.911093
0.387398 -0.636595 1.972722
0.572653 -0.713959 2.240370
0.639829 -0.774948 2.199246
0.851794 0.325159 1.769156
1.083852 -0.176267 1.788337
1.009360 -0.125958 1.757801
0.747421 0.235089 1.407937
0.741439 0.191005 1.423453
