-0.271444 0.133827 2.514336
-0.253900 0.474453 2.463222
-0.237609 0.803015 2.400151
-0.203622 0.951044 2.434732
-0.386245 0.669905 2.395851
-0.577864 0.779472 2.554635
-0.607930 0.998844 2.732379
-0.632876 1.017965 2.760003
-0.164176 0.667566 2.385130
-0.340504 0.798697 2.504888
-0.536290 0.916691 2.617715
-0.612612 0.953656 2.661714
-0.341176 0.139395 2.466412
-0.397345 -0.356104 2.424741
-0.423512 -0.744991 2.438195
-0.420617 -0.791134 2.332702
-0.193884 0.124382 2.488097
-0.152183 -0.323952 2.611577
-0.121206 -0.680004 2.684742
-0.128232 -0.746183 2.633226
-0.241916 0.722237 2.418226
-0.646129 1.026596 2.770513
-0.583189 0.990918 2.774875
-0.650591 1.029152 2.727273
-0.635164 0.898091 2.619666
