-0.003663 -0.020733 2.023350
-0.016360 0.288736 1.941764
-0.029402 0.582649 1.847629
-0.022944 0.722229 1.787987
-0.178752 0.500228 1.859640
-0.257501 0.286303 1.749746
-0.082864 0.391804 1.643923
-0.067305 0.399919 1.624618
0.137289 0.461441 1.886712
0.200423 0.220253 1.936538
0.208082 -0.002200 1.960738
0.189488 -0.069567 1.976989
-0.080332 -0.022029 1.983344
-0.111980 -0.409617 2.125356
-0.110088 -0.778163 2.283476
-0.135560 -0.844364 2.213077
0.073195 -0.018535 1.988867
0.111411 -0.392025 2.120937
0.125728 -0.768162 2.278492
0.142409 -0.840935 2.211965
-0.026142 0.511026 1.873079
-0.032037 0.417727 1.595124
-0.031638 0.398751 1.690333
0.193494 -0.155210 1.990599
0.144363 -0.072615 1.944848
