0.429931 -0.071773 2.290870
0.546608 0.280625 2.231296
0.656743 0.621839 2.157935
0.771632 0.720054 2.161251
0.475097 0.478593 2.022174
0.414987 0.175835 1.983441
0.440181 -0.046871 2.025522
0.407277 -0.091056 2.077863
0.677719 0.408042 2.308793
0.784761 0.261793 2.503456
0.951229 0.167386 2.600919
0.962311 0.181899 2.620548
0.383851 -0.057811 2.219488
0.382183 -0.414254 2.269455
0.400355 -0.749744 2.354068
0.465630 -0.808632 2.309661
0.462186 -0.083390 2.288477
0.555013 -0.422701 2.487405
0.515612 -0.764157 2.527922
0.579814 -0.776290 2.473351
0.630145 0.538213 2.178477
0.403540 -0.189187 2.109655
0.463923 -0.083951 2.022810
1.023612 0.200520 2.688731
0.947648 0.159096 2.603381
