0.516842 0.032874 2.203542
0.512639 0.365722 2.110766
0.495931 0.685149 2.004234
0.584521 0.812448 2.018546
0.445348 0.557487 1.953950
0.532990 0.261871 1.926597
0.655533 0.125505 2.040340
0.676346 0.090845 2.105552
0.516060 0.469644 2.154720
0.696401 0.707291 2.131861
0.779967 0.871863 2.236639
0.793455 0.825025 2.295678
0.483504 0.040026 2.157789
0.497241 -0.365183 2.264585
0.419152 -0.757396 2.374578
0.487251 -0.808498 2.311649
0.531635 0.025968 2.174444
0.545199 -0.439797 2.296412
0.614968 -0.714427 2.562647
0.665458 -0.754852 2.521689
0.500146 0.608040 2.032612
0.726879 0.042671 2.176784
0.620778 0.078194 2.125667
0.769596 0.846343 2.264411
0.785239 0.787524 2.278928
