0.451411 -0.037290 2.316698
0.617721 0.265832 2.235398
0.773838 0.559215 2.140568
0.888824 0.653833 2.134911
0.586886 0.423019 2.079878
0.800969 0.231539 2.089145
1.042552 0.149345 2.231098
1.128719 0.123576 2.295207
0.895871 0.455609 2.287631
0.880604 0.168633 2.165119
1.094053 0.131501 2.266817
1.133902 0.122442 2.298314
0.387468 -0.029805 2.258337
0.372183 -0.393260 2.320463
0.389296 -0.744555 2.418141
0.463755 -0.793635 2.387946
0.500807 -0.043364 2.301641
0.223803 -0.293537 2.303437
0.428269 -0.650406 2.516899
0.510021 -0.682230 2.522186
0.736212 0.487359 2.166481
1.203897 0.088335 2.335545
1.118750 0.166272 2.265850
1.207279 0.091264 2.336807
1.144888 0.163280 2.282572
