-0.164440 -0.027168 2.168105
-0.193761 0.272056 2.102432
-0.221495 0.561215 2.025144
-0.175447 0.686192 1.977576
-0.372322 0.421817 1.988759
-0.430827 0.177135 2.028390
-0.416637 -0.039098 2.009017
-0.414895 -0.113118 2.013302
-0.056417 0.478077 2.088319
0.102692 0.374748 2.010721
-0.004011 0.521851 1.927824
-0.060783 0.569019 1.907138
-0.236818 -0.036209 2.105220
-0.262995 -0.412027 2.232158
-0.254273 -0.754684 2.339905
-0.242474 -0.822831 2.261800
-0.087202 -0.017300 2.164142
-0.060145 -0.369429 2.309062
-0.031684 -0.720003 2.443465
0.025098 -0.779521 2.389297
-0.214846 0.490390 2.046479
-0.402212 -0.179954 2.023747
-0.383307 -0.097623 2.031875
-0.103297 0.630510 1.876635
-0.087573 0.550436 1.895000
