-0.049044 -0.053811 2.096839
-0.055698 0.248141 2.011077
-0.060916 0.539445 1.913061
-0.022255 0.675929 1.872436
-0.222671 0.414647 1.894725
-0.290378 0.165913 1.947400
-0.267785 -0.040175 1.933653
-0.245913 -0.101017 1.946387
0.122721 0.449768 2.017474
0.221593 0.305633 2.100578
0.140094 0.181335 1.960489
0.103327 0.160409 1.967401
-0.121866 -0.059697 2.040975
-0.206075 -0.429702 2.142041
-0.242786 -0.763278 2.307161
-0.241821 -0.835268 2.235916
0.025440 -0.046275 2.085644
0.006792 -0.396873 2.211263
-0.002884 -0.749138 2.322260
0.053550 -0.819957 2.272429
-0.059759 0.468175 1.939614
-0.227211 -0.166300 1.953541
-0.209436 -0.099021 1.931781
0.073059 0.120745 1.963573
0.056526 0.192495 1.915000
