-0.248340 -0.027154 2.173110
-0.171246 0.301900 2.119482
-0.094073 0.619901 2.056585
-0.036582 0.757342 2.090672
-0.124448 0.445075 1.925218
-0.054592 0.184585 1.879275
0.056655 0.059074 1.972100
0.086116 0.021698 2.051816
0.062885 0.423813 1.954910
-0.028482 0.212239 1.841799
0.006562 0.338942 1.686375
0.018201 0.381647 1.638166
-0.311787 -0.026590 2.107004
-0.132444 -0.395296 2.213007
-0.178053 -0.764622 2.327087
-0.079994 -0.803040 2.334297
-0.176973 -0.026663 2.172900
-0.179121 -0.340187 2.280478
-0.259790 -0.722136 2.457693
-0.162919 -0.745736 2.483865
-0.113458 0.542149 2.074390
0.112349 -0.020379 2.101062
0.078202 -0.020887 2.069727
0.020029 0.368563 1.633476
0.030693 0.367731 1.616939
