-0.277030 -0.076146 2.114746
-0.283798 0.240058 2.027277
-0.289027 0.546443 1.929635
-0.385958 0.643299 1.919170
-0.401256 0.431588 2.077499
-0.435347 0.248649 2.256404
-0.496411 0.064537 2.428701
-0.716239 -0.565505 3.046907
-0.171120 0.392832 1.850720
-0.061891 0.142578 1.837276
-0.059291 -0.055836 1.840717
-0.070712 -0.130629 1.872052
-0.328137 -0.074486 2.123314
-0.335506 -0.361240 2.294853
-0.212992 -0.756518 2.398664
-0.303176 -0.800200 2.400239
-0.217402 -0.075468 2.041283
-0.139221 -0.417751 2.073658
-0.006440 -0.782548 2.234998
-0.013565 -0.852697 2.170148
-0.288037 0.471343 1.955869
-0.768554 -0.588790 3.043921
-0.649827 -0.566387 3.043308
-0.071882 -0.195191 1.898413
-0.111185 -0.102622 1.892000
