-0.132031 -0.025832 2.230761
-0.156387 0.265742 2.139929
-0.179741 0.548305 2.035569
-0.213748 0.667489 1.967423
-0.336238 0.459111 2.141489
-0.340466 0.216479 2.234417
-0.319609 0.019979 2.232660
-0.299872 -0.053540 2.229082
-0.014690 0.449933 2.011229
0.095480 0.342860 1.870003
-0.053507 0.480555 1.815393
-0.095299 0.516062 1.799608
-0.202061 -0.029458 2.214781
-0.165382 -0.413504 2.371226
-0.113241 -0.728156 2.447587
-0.128448 -0.806900 2.345244
-0.058231 -0.021326 2.179561
-0.019646 -0.431800 2.163747
-0.035860 -0.787720 2.187748
-0.053009 -0.846017 2.105407
-0.174103 0.479082 2.063914
-0.274450 -0.123263 2.239229
-0.259531 -0.034740 2.189800
-0.143984 0.552426 1.803067
-0.097892 0.543397 1.802273
