-0.144842 -0.053607 2.159020
-0.142625 0.235595 2.070666
-0.138851 0.515106 1.969512
-0.167461 0.640436 1.883475
-0.315970 0.447177 2.061105
-0.350217 0.199641 2.147680
-0.339249 0.002855 2.153133
-0.328893 -0.068337 2.152407
-0.008448 0.387568 1.938617
0.099715 0.336898 1.766345
-0.060818 0.546866 1.732146
-0.108243 0.592544 1.766558
-0.214295 -0.052765 2.142747
-0.191177 -0.387429 2.296859
-0.133274 -0.680828 2.401138
-0.102800 -0.742704 2.284643
-0.070865 -0.052788 2.108404
-0.044097 -0.436923 2.153483
-0.069583 -0.789585 2.204928
-0.062641 -0.857617 2.130470
-0.140062 0.446666 1.996910
-0.320054 -0.139561 2.166300
-0.279801 -0.062466 2.128824
-0.162679 0.638822 1.748451
-0.074489 0.637551 1.765889
