-0.421815 -0.090742 1.892229
-0.430870 0.233265 1.860203
-0.448518 0.542198 1.805998
-0.413156 0.685398 1.836296
-0.460044 0.372753 1.683788
-0.374584 0.130664 1.578706
-0.300047 -0.026710 1.664142
-0.309387 -0.059226 1.713486
-0.373779 0.463547 1.977122
-0.364074 0.311400 2.182059
-0.406992 0.080411 2.044689
-0.421905 0.003861 2.002428
-0.433421 -0.093094 1.830598
-0.382250 -0.500156 1.901882
-0.415874 -0.865982 1.960328
-0.316331 -0.916673 1.941223
-0.396446 -0.083701 1.889227
-0.318080 -0.427220 1.817050
-0.353838 -0.828240 1.965246
-0.302735 -0.896845 2.001482
-0.444819 0.466228 1.819873
-0.304092 -0.112284 1.785941
-0.367667 -0.040701 1.750000
-0.420941 -0.003901 1.997542
-0.417447 0.003820 1.981272
