-0.514198 -0.031076 2.480221
-0.469521 0.100047 2.199402
-0.424306 0.227704 1.912453
-0.457603 0.272697 1.811544
-0.637845 0.176456 1.984338
-0.672272 0.011511 2.078702
-0.616218 -0.161039 2.149446
-0.597361 -0.202465 2.197430
-0.299021 0.229562 2.063911
-0.222668 0.069733 2.206412
-0.242327 -0.120364 2.243530
-0.257984 -0.177671 2.273643
-0.599124 -0.049247 2.420768
-0.578286 -0.425055 2.341828
-0.543184 -0.748914 2.434223
-0.552054 -0.814287 2.359248
-0.415782 -0.012110 2.474470
-0.239211 -0.394232 2.407033
-0.159823 -0.701561 2.561269
-0.129452 -0.762323 2.491069
-0.436473 0.197021 1.986080
-0.585334 -0.286286 2.237972
-0.569675 -0.163501 2.230543
-0.261928 -0.251603 2.293687
-0.294051 -0.158674 2.257235
