-0.498181 -0.320502 2.646746
-0.520130 -0.036678 2.617954
-0.539348 0.241562 2.577714
-0.556768 0.373907 2.524187
-0.702471 0.110000 2.553499
-0.664426 -0.106090 2.466822
-0.544453 -0.262762 2.358529
-0.513280 -0.315257 2.341045
-0.359833 0.164069 2.574688
-0.312225 -0.046076 2.513827
-0.352521 -0.218104 2.403100
-0.371609 -0.270569 2.373738
-0.576224 -0.331361 2.602968
-0.607079 -0.440615 2.253134
-0.492181 -0.827739 2.079091
-0.537897 -0.789274 1.951678
-0.407806 -0.301249 2.625470
-0.409678 -0.403796 2.264609
-0.509305 -0.757810 2.022146
-0.564663 -0.759387 1.918453
-0.535037 0.172844 2.589950
-0.439093 -0.370086 2.282575
-0.574253 -0.361694 2.303566
-0.386987 -0.327406 2.304934
-0.321822 -0.283618 2.373300
