-0.501926 -0.298126 2.648421
-0.505589 -0.004575 2.628955
-0.505033 0.282592 2.599240
-0.511401 0.413162 2.550914
-0.669897 0.173365 2.559336
-0.676620 -0.030052 2.460560
-0.592900 -0.212174 2.339498
-0.569970 -0.279937 2.307808
-0.331749 0.181180 2.596323
-0.294212 -0.041381 2.522644
-0.347314 -0.189563 2.396161
-0.368597 -0.234167 2.358477
-0.576345 -0.297304 2.607462
-0.560796 -0.406234 2.255486
-0.462594 -0.829822 2.260940
-0.512729 -0.838600 2.133380
-0.414674 -0.290895 2.624078
-0.410903 -0.377941 2.264965
-0.497461 -0.796785 2.176777
-0.544214 -0.843440 2.076773
-0.505670 0.211699 2.608716
-0.546371 -0.335220 2.267251
-0.609358 -0.280787 2.286700
-0.388008 -0.286828 2.287484
-0.333625 -0.255546 2.373512
