-0.501764 -0.302260 2.640140
-0.526602 -0.028397 2.584257
-0.550968 0.239439 2.512665
-0.561838 0.369199 2.447058
-0.716547 0.127659 2.498064
-0.686120 -0.096667 2.417960
-0.614818 -0.245871 2.301109
-0.599529 -0.309538 2.281191
-0.377865 0.168844 2.508736
-0.317777 -0.039929 2.442833
-0.361478 -0.227781 2.325289
-0.377167 -0.297050 2.288976
-0.573501 -0.309862 2.601915
-0.624863 -0.408227 2.251625
-0.624963 -0.761559 2.428503
-0.603552 -0.825347 2.343010
-0.418425 -0.290531 2.614370
-0.383028 -0.398209 2.263270
-0.363537 -0.764446 2.388837
-0.344151 -0.826092 2.294726
-0.545448 0.173308 2.532826
-0.585211 -0.362582 2.246015
-0.552239 -0.314452 2.328200
-0.405156 -0.348514 2.228912
-0.324027 -0.321115 2.342860
