-0.527402 -0.292122 2.632359
-0.537231 -0.013777 2.615175
-0.542825 0.257604 2.587788
-0.547746 0.394229 2.533210
-0.712197 0.144332 2.568249
-0.681643 -0.082172 2.465054
-0.629811 -0.238761 2.347964
-0.608440 -0.295001 2.303377
-0.360613 0.177361 2.590868
-0.290961 -0.044088 2.534045
-0.349729 -0.217437 2.389588
-0.368718 -0.261082 2.339142
-0.602577 -0.293701 2.591701
-0.623677 -0.399795 2.240049
-0.619286 -0.765887 2.427197
-0.603820 -0.826931 2.341696
-0.438857 -0.283666 2.606821
-0.366246 -0.392412 2.261823
-0.363431 -0.764342 2.383253
-0.341324 -0.827944 2.294967
-0.541960 0.190672 2.596722
-0.589269 -0.351224 2.255054
-0.561619 -0.287683 2.313388
-0.387486 -0.310538 2.271420
-0.323896 -0.289399 2.335388
