-0.271077 0.015343 2.295804
-0.254560 0.311914 2.245495
-0.237097 0.599267 2.186087
-0.259810 0.730232 2.144490
-0.435963 0.490206 2.224554
-0.539005 0.301146 2.275905
-0.501961 0.123307 2.187216
-0.446581 0.069845 2.155645
-0.061458 0.489431 2.182037
0.047675 0.292025 2.221575
-0.022319 0.118272 2.147784
-0.070523 0.089386 2.151340
-0.340524 0.014393 2.263384
-0.438078 -0.393616 2.354771
-0.519960 -0.753227 2.398114
-0.588499 -0.825507 2.349009
-0.193390 0.015732 2.262107
-0.188788 -0.329040 2.416025
-0.219318 -0.697839 2.565633
-0.189973 -0.765543 2.499589
-0.241671 0.528802 2.202843
-0.409219 0.023252 2.124699
-0.399708 0.094561 2.140667
-0.109074 0.018557 2.121177
-0.003958 0.094206 2.151625
