-0.435756 0.069456 2.431594
-0.438681 0.377206 2.374550
-0.438737 0.674320 2.307611
-0.444522 0.809466 2.290252
-0.601751 0.599248 2.357508
-0.698599 0.741469 2.483482
-0.635054 0.951102 2.618056
-0.641151 0.919970 2.620955
-0.322516 0.549039 2.307260
-0.284993 0.357042 2.342124
-0.303841 0.208056 2.458628
-0.242696 0.080889 2.459588
-0.497543 0.069396 2.402338
-0.475224 -0.389386 2.405969
-0.452079 -0.764080 2.451555
-0.407662 -0.827875 2.406539
-0.362071 0.067431 2.394982
-0.294596 -0.384442 2.423049
-0.238838 -0.755780 2.502247
-0.254392 -0.818874 2.432471
-0.438911 0.601357 2.326406
-0.641176 0.927861 2.628290
-0.651438 0.912940 2.607480
-0.241872 0.077278 2.451220
-0.243457 0.078614 2.440030
