-0.391389 0.005096 2.305570
-0.421252 0.297585 2.234449
-0.447989 0.580836 2.152398
-0.429737 0.720228 2.107999
-0.601620 0.452673 2.111780
-0.625225 0.210521 2.146147
-0.543990 0.030364 2.115789
-0.512234 0.009639 2.116348
-0.254693 0.485360 2.225908
-0.188153 0.252328 2.307386
-0.200098 0.050237 2.241894
-0.233981 0.020697 2.226471
-0.455650 -0.004312 2.250628
-0.482483 -0.378031 2.376416
-0.466358 -0.728275 2.487918
-0.464387 -0.797001 2.399265
-0.316108 0.014330 2.294128
-0.247804 -0.354884 2.414588
-0.214219 -0.696166 2.560764
-0.181007 -0.748164 2.457079
-0.441827 0.511380 2.174867
-0.481136 -0.028952 2.116805
-0.515520 -0.038953 2.123556
-0.253856 -0.034336 2.207775
-0.209584 -0.013617 2.242602
