0.582879 0.075421 2.340276
0.666659 0.376296 2.264292
0.734596 0.672405 2.182351
0.813575 0.796487 2.175674
0.650035 0.499317 2.049933
0.621105 0.230069 2.018118
0.663044 0.018380 2.056442
0.664356 -0.025975 2.100910
0.910083 0.741284 2.464276
0.725792 0.602209 2.308780
0.548130 0.528434 2.113823
0.546196 0.467562 2.075014
0.550283 0.072909 2.258230
0.611941 -0.355744 2.329636
0.597893 -0.731684 2.396017
0.684401 -0.781222 2.360684
0.599467 0.076739 2.356836
0.541519 -0.351207 2.482888
0.548574 -0.729208 2.579925
0.544454 -0.782501 2.453593
0.719111 0.599850 2.204309
0.689948 -0.094439 2.123674
0.624697 -0.003904 2.128400
0.554575 0.442335 2.036936
0.518743 0.447248 2.092592
