-0.228889 -0.049829 2.484804
-0.224159 0.039683 2.188570
-0.212616 0.148506 1.888602
-0.269266 0.193967 1.793159
-0.430135 0.106643 2.049056
-0.417708 -0.018715 2.184241
-0.309782 -0.183451 2.156481
-0.287821 -0.214284 2.168861
-0.088616 0.139193 1.973125
-0.059689 -0.078466 2.030648
-0.133800 -0.288653 2.073715
-0.161810 -0.377875 2.090711
-0.306861 -0.045941 2.464431
-0.296453 -0.461673 2.407035
-0.250388 -0.771138 2.462814
-0.315220 -0.793379 2.391590
-0.144363 -0.050907 2.440051
-0.078435 -0.458925 2.386606
-0.064761 -0.766667 2.460432
-0.051049 -0.799145 2.357599
-0.214978 0.120517 1.966108
-0.237318 -0.304510 2.169498
-0.237056 -0.298571 2.149333
-0.152894 -0.444510 2.086178
-0.210006 -0.345065 2.132444
