-0.263916 -0.047272 2.100639
-0.237187 0.283543 2.056421
-0.209486 0.602913 2.000447
-0.161651 0.744333 2.041034
-0.217444 0.420938 1.891951
-0.098548 0.183535 1.905974
0.010768 0.083960 2.024953
0.046985 0.051152 2.068247
-0.144562 0.418970 1.931721
-0.072914 0.161858 1.965109
-0.213078 0.090232 2.070888
-0.265941 0.083073 2.110737
-0.323694 -0.049357 2.026703
-0.233364 -0.419952 2.177966
-0.278187 -0.794150 2.280496
-0.203003 -0.823730 2.300781
-0.195137 -0.043809 2.107527
-0.306637 -0.445988 2.257030
-0.241321 -0.809045 2.275455
-0.183381 -0.808482 2.344226
-0.216573 0.524702 2.016428
0.051013 0.044367 2.124832
0.050294 0.054614 2.031400
-0.293343 0.058818 2.133938
-0.291418 0.058221 2.124169
