-0.102667 -0.030529 2.399149
0.001615 0.297288 2.309700
0.103556 0.616144 2.207232
0.176333 0.746694 2.242501
0.017255 0.451730 2.098172
0.047704 0.182601 2.085978
0.105182 -0.003381 2.128832
0.108473 -0.083671 2.172721
0.167700 0.432672 2.138396
0.061362 0.238167 2.015466
-0.097042 0.208260 2.116930
-0.096177 0.211179 2.202913
-0.146425 -0.010459 2.326103
0.041382 -0.358036 2.444896
-0.017222 -0.697695 2.572056
0.059500 -0.752210 2.540873
-0.055977 -0.049775 2.405617
0.006589 -0.459081 2.468135
0.116069 -0.648009 2.799477
0.185032 -0.679590 2.792906
0.081440 0.537736 2.234644
0.130931 -0.154543 2.207783
0.124687 -0.035388 2.115571
-0.113369 0.193564 2.219574
-0.094691 0.140187 2.187941
