-0.072796 -0.018400 2.463290
0.037029 0.311111 2.389843
0.147329 0.626165 2.289617
0.248590 0.733705 2.320123
0.023303 0.472199 2.159390
0.030849 0.202315 2.123686
0.063719 -0.007276 2.158293
0.060543 -0.080948 2.190947
0.211358 0.442834 2.220712
0.139556 0.205721 2.312445
-0.015182 0.162605 2.414944
-0.068011 0.155453 2.454838
-0.142513 0.003153 2.393810
0.005052 -0.325572 2.472001
-0.024020 -0.667665 2.569571
0.051830 -0.744664 2.542248
0.000422 -0.041686 2.459335
0.079021 -0.398881 2.534329
0.129810 -0.654488 2.814882
0.228995 -0.660298 2.834833
0.119178 0.548650 2.314996
0.068553 -0.139353 2.230925
0.033660 -0.029300 2.238125
-0.117138 0.136468 2.503815
-0.047208 0.087364 2.427541
