-0.468241 -0.104732 2.096342
-0.523065 0.191377 1.968454
-0.575613 0.477640 1.828699
-0.670676 0.569571 1.794948
-0.702957 0.403731 2.033938
-0.688872 0.151842 2.101565
-0.774624 0.024969 1.966735
-0.820821 -0.066649 1.832242
-0.423789 0.337324 1.769594
-0.510243 0.079255 1.737957
-0.712933 -0.057796 1.810968
-0.766945 -0.073107 1.812260
-0.508133 -0.100100 2.092862
-0.511899 -0.458517 2.243593
-0.447050 -0.771994 2.332944
-0.525718 -0.835846 2.299721
-0.414272 -0.105777 2.037157
-0.285188 -0.464463 2.094672
-0.222501 -0.801946 2.183266
-0.237572 -0.873280 2.110624
-0.563172 0.407497 1.865671
-0.813899 -0.085535 1.815270
-0.818225 -0.098364 1.826000
-0.838251 -0.097708 1.850548
-0.738471 -0.094607 1.828800
