-0.503202 -0.312168 2.608394
-0.503227 -0.054355 2.539404
-0.499864 0.195691 2.446936
-0.495972 0.314467 2.356788
-0.673501 0.128397 2.477462
-0.669866 -0.095466 2.455502
-0.552289 -0.237921 2.374933
-0.524170 -0.283804 2.373884
-0.330087 0.123068 2.460561
-0.261617 -0.093965 2.489239
-0.366595 -0.228511 2.383276
-0.404522 -0.250215 2.363197
-0.582321 -0.310717 2.571568
-0.612177 -0.396317 2.221442
-0.575392 -0.741374 2.449230
-0.586326 -0.814321 2.380123
-0.411510 -0.305986 2.580159
-0.306040 -0.398458 2.245937
-0.216641 -0.733138 2.507954
-0.217189 -0.796719 2.435224
-0.501237 0.133866 2.472735
-0.449270 -0.339113 2.326858
-0.559402 -0.306825 2.335259
-0.452104 -0.305707 2.331816
-0.362593 -0.275986 2.337517
