-0.513195 -0.030569 2.261087
-0.552757 0.244694 2.148134
-0.585102 0.511492 2.025249
-0.569788 0.635438 1.938845
-0.733224 0.390892 2.021408
-0.753657 0.152118 2.094250
-0.682254 -0.031446 2.112276
-0.687639 -0.042300 2.106863
-0.396124 0.450908 2.089417
-0.297850 0.232430 2.201238
-0.282330 0.004869 2.202719
-0.289383 -0.045106 2.209244
-0.580628 -0.042125 2.215052
-0.557834 -0.382405 2.350926
-0.523605 -0.739933 2.436352
-0.574838 -0.802896 2.379698
-0.430907 -0.018265 2.243052
-0.315933 -0.418684 2.375121
-0.245989 -0.726781 2.467909
-0.207794 -0.780015 2.391341
-0.578019 0.446208 2.058002
-0.677936 -0.079401 2.121014
-0.656664 -0.038595 2.077522
-0.273580 -0.101319 2.212296
-0.324015 -0.045016 2.192486
