-0.438038 -0.237855 2.607202
-0.401021 -0.028246 2.366497
-0.363654 0.181366 2.114625
-0.315900 0.254848 2.033717
-0.533793 0.121405 2.176640
-0.584420 -0.116600 2.242408
-0.528113 -0.347852 2.221190
-0.530873 -0.391757 2.223759
-0.202846 0.095650 2.224920
-0.132748 -0.110137 2.327179
-0.213407 -0.288207 2.309399
-0.259102 -0.368093 2.286223
-0.508002 -0.231073 2.564247
-0.547130 -0.418950 2.259029
-0.523612 -0.741180 2.427760
-0.516933 -0.816922 2.352061
-0.357227 -0.238410 2.583972
-0.264125 -0.393963 2.269245
-0.233567 -0.713702 2.553290
-0.223598 -0.727002 2.635318
-0.373217 0.129299 2.179625
-0.532722 -0.444200 2.239067
-0.570931 -0.385209 2.205667
-0.292006 -0.436033 2.273694
-0.220710 -0.384785 2.305000
