0.504615 0.065845 2.320785
0.657768 0.345127 2.230668
0.803387 0.615382 2.131752
0.920137 0.716951 2.145804
0.687452 0.453941 2.028410
0.855845 0.251416 2.052824
1.029470 0.119147 2.144255
1.090326 0.076120 2.180685
0.916311 0.497159 2.283520
0.949285 0.263491 2.396389
1.066943 0.107618 2.208618
1.105420 0.069166 2.186772
0.464020 0.070027 2.237307
0.575716 -0.344103 2.290742
0.595848 -0.736353 2.396605
0.673955 -0.782010 2.361052
0.530711 0.059620 2.339279
0.496727 -0.310540 2.514710
0.711111 -0.674992 2.606883
0.761789 -0.740297 2.540096
0.768116 0.549130 2.158143
1.143448 0.034839 2.201404
1.092692 0.039136 2.177818
1.168196 0.015292 2.191799
1.114113 0.024242 2.198334
