-0.022292 0.069235 2.234054
-0.029565 0.355189 2.146552
-0.039467 0.631998 2.044395
-0.025855 0.771224 1.995778
-0.198735 0.544471 2.057533
-0.244733 0.342681 1.929112
-0.076912 0.509113 1.858401
-0.048760 0.555483 1.848313
0.129917 0.521499 2.117076
0.186861 0.271461 2.178842
0.189121 0.068422 2.192463
0.173156 -0.010574 2.200833
-0.089699 0.067205 2.186950
-0.132392 -0.361419 2.345146
-0.127407 -0.729103 2.460981
-0.160647 -0.795143 2.392189
0.045802 0.069187 2.208078
0.088998 -0.343084 2.357038
0.097557 -0.701913 2.478918
0.119330 -0.776557 2.410185
-0.037204 0.564833 2.071852
-0.014955 0.603191 1.830098
-0.019955 0.550600 1.910625
0.173581 -0.084831 2.209921
0.136336 -0.008508 2.180565
