-0.117307 0.023344 2.252045
-0.274533 0.233772 2.118788
-0.428113 0.437095 1.970788
-0.549265 0.500808 1.914017
-0.518999 0.266005 2.091337
-0.660836 0.087298 2.133295
-0.812929 -0.040490 2.128942
-0.889308 -0.081123 2.130881
-0.224229 0.441210 1.943767
-0.025897 0.320443 2.008302
0.096391 0.152685 2.112360
0.106844 0.087161 2.165747
-0.172321 -0.016173 2.247466
-0.136831 -0.347273 2.395341
-0.125754 -0.733152 2.463284
-0.162049 -0.802582 2.385440
-0.058190 0.062547 2.184006
0.090302 -0.368968 2.357145
0.145086 -0.692332 2.449360
0.157689 -0.778457 2.397533
-0.390332 0.387633 2.010149
-0.982980 -0.108393 2.156700
-0.903042 -0.028235 2.193833
0.143078 0.033171 2.204577
0.060852 0.028125 2.133909
