0.428010 0.007152 2.084867
0.437699 0.316526 1.980539
0.443094 0.614437 1.864324
0.555409 0.706065 1.847708
0.325459 0.474593 1.794718
0.408591 0.220434 1.752433
0.612170 0.173303 1.831114
0.692145 0.195388 1.884593
0.572190 0.424591 2.029834
0.623869 0.301463 2.155463
0.745825 0.269497 1.999043
0.705593 0.285890 2.046004
0.372077 0.006790 2.016467
0.348996 -0.439573 2.164872
0.354958 -0.759461 2.293738
0.368811 -0.816924 2.225344
0.469642 0.007231 2.081205
0.552402 -0.398295 2.298100
0.519363 -0.729773 2.423729
0.586851 -0.774802 2.393196
0.442379 0.541699 1.895424
0.758648 0.193720 1.924762
0.697326 0.169220 1.877250
0.754009 0.226959 1.926254
0.672687 0.258269 2.020050
