0.604666 -0.003337 2.179504
0.667868 0.301921 2.078000
0.724171 0.596807 1.966250
0.844329 0.691325 1.959035
0.556731 0.487085 1.915573
0.465028 0.268651 1.896387
0.609372 0.149722 1.934083
0.666961 0.125491 1.978496
0.893481 0.436821 2.182740
1.050440 0.347125 2.226892
1.219866 0.392186 2.144412
1.235148 0.408756 2.124406
0.543158 0.006356 2.107304
0.421748 -0.418119 2.181127
0.363593 -0.771711 2.291991
0.381212 -0.821420 2.216921
0.646678 -0.012757 2.182065
0.632705 -0.401843 2.324479
0.587177 -0.735653 2.417314
0.644709 -0.778616 2.368456
0.711131 0.524652 1.996088
0.742957 0.080747 2.009265
0.684399 0.200497 1.989933
1.276838 0.425670 2.057078
1.225320 0.447878 2.102870
