0.472654 0.071041 2.292874
0.570829 0.394669 2.235071
0.662035 0.705414 2.166122
0.792483 0.788167 2.171124
0.534182 0.559270 2.068203
0.497752 0.292234 2.042112
0.519287 0.037762 2.098866
0.515287 -0.000905 2.138729
0.773081 0.578113 2.311790
0.741964 0.319789 2.363349
0.774041 0.058152 2.369679
0.792775 -0.063740 2.368290
0.424958 0.070093 2.222926
0.431759 -0.371992 2.354651
0.379319 -0.724499 2.448184
0.431268 -0.776571 2.392021
0.505102 0.069213 2.292335
0.595766 -0.341646 2.500427
0.529813 -0.675340 2.589968
0.588260 -0.726438 2.579088
0.640230 0.629454 2.185306
0.543600 -0.061043 2.178737
0.470264 -0.008108 2.151625
0.794096 -0.083747 2.338141
0.786616 -0.077095 2.292667
