-0.392844 0.081890 2.422270
-0.406410 0.420509 2.317685
-0.416605 0.747978 2.201450
-0.403447 0.891597 2.194243
-0.547652 0.572373 2.211079
-0.735238 0.578556 2.372438
-0.796977 0.725260 2.565131
-0.788991 0.785750 2.635590
-0.253339 0.563141 2.236576
-0.501340 0.569823 2.303100
-0.701029 0.645722 2.437995
-0.770691 0.643626 2.432535
-0.456148 0.076642 2.378804
-0.480189 -0.371194 2.436692
-0.483864 -0.765624 2.456859
-0.445162 -0.820881 2.405732
-0.317315 0.085093 2.394370
-0.278678 -0.367901 2.544195
-0.267228 -0.704115 2.619955
-0.243741 -0.762147 2.558645
-0.414575 0.667783 2.232545
-0.788363 0.840909 2.695991
-0.765471 0.766092 2.619514
-0.785161 0.689121 2.509218
-0.773041 0.635888 2.398000
