-0.365194 0.152378 2.469918
-0.361928 0.489838 2.397049
-0.355571 0.816024 2.312008
-0.348829 0.936170 2.267887
-0.525325 0.693052 2.365799
-0.656791 0.851812 2.502299
-0.778296 1.014644 2.649378
-0.833653 1.071112 2.691815
-0.245522 0.626482 2.307985
-0.166158 0.385594 2.381006
-0.143144 0.180317 2.449488
-0.157922 0.120318 2.486720
-0.425758 0.149245 2.438669
-0.479000 -0.350452 2.449106
-0.496209 -0.736905 2.469775
-0.507311 -0.783036 2.370403
-0.294125 0.150971 2.429350
-0.243255 -0.332787 2.527333
-0.245489 -0.671358 2.614392
-0.257899 -0.734851 2.566255
-0.357301 0.735993 2.335284
-0.894413 1.101161 2.719234
-0.788577 1.095086 2.733600
-0.145555 0.037203 2.539611
-0.110229 0.162971 2.467500
