-0.000961 0.097363 2.385741
-0.008234 0.396468 2.321253
-0.015194 0.685068 2.244712
-0.018377 0.825331 2.185433
-0.188857 0.563072 2.258806
-0.228031 0.302804 2.295117
-0.214173 0.107563 2.310869
-0.196950 0.033172 2.331163
0.148548 0.563766 2.264555
0.203091 0.312224 2.323280
0.219808 0.116301 2.334676
0.205017 0.038155 2.342874
-0.071587 0.093191 2.350044
-0.089436 -0.322412 2.499157
-0.077724 -0.684844 2.623988
-0.091146 -0.746766 2.547603
0.069661 0.098510 2.348946
0.116306 -0.307416 2.510966
0.120609 -0.670798 2.635270
0.136297 -0.734768 2.575781
-0.013496 0.614459 2.265986
-0.191078 -0.047421 2.344501
-0.235315 0.032205 2.326762
0.210417 -0.035266 2.357311
0.163834 0.036903 2.312235
