-0.248065 0.015326 2.214580
-0.292117 0.323726 2.149320
-0.334319 0.620018 2.072687
-0.443649 0.714497 2.064679
-0.397950 0.490864 2.223330
-0.482603 0.252913 2.291841
-0.672795 0.095004 2.264086
-0.738558 0.071665 2.261879
-0.181779 0.510744 2.001724
-0.096399 0.255680 1.969257
-0.110485 -0.004860 2.003919
-0.115501 -0.052144 2.022884
-0.295178 0.017285 2.231503
-0.273599 -0.383070 2.398305
-0.203951 -0.725459 2.507048
-0.267534 -0.783555 2.461374
-0.193503 0.012122 2.126868
-0.096143 -0.385073 2.230072
-0.019295 -0.759465 2.361958
-0.054080 -0.819708 2.292648
-0.324202 0.547615 2.093918
-0.792070 -0.011004 2.274316
-0.769972 0.106146 2.208125
-0.125635 -0.118833 2.043854
-0.148015 -0.021655 2.024600
