-0.029735 0.049985 2.218668
-0.034612 0.349858 2.129187
-0.036179 0.647670 2.024395
-0.056585 0.760243 1.974957
-0.206871 0.539371 2.081584
-0.314446 0.375297 2.035702
-0.120281 0.501702 1.899082
-0.046681 0.543485 1.873076
0.115186 0.516085 2.081321
0.270651 0.428340 1.982445
0.138466 0.551547 1.899925
0.101590 0.585211 1.903413
-0.105416 0.048112 2.183333
-0.109243 -0.323418 2.342279
-0.095582 -0.711139 2.519963
-0.120307 -0.776966 2.442568
0.046655 0.050153 2.180886
0.099423 -0.311531 2.334297
0.107740 -0.697299 2.506176
0.118024 -0.767062 2.446144
-0.035826 0.574662 2.052467
-0.006676 0.565124 1.846633
-0.059928 0.558151 1.825679
0.042407 0.629627 1.895163
0.094023 0.557489 1.921357
