-0.022002 0.050040 2.233791
-0.023911 0.349249 2.149014
-0.024082 0.637592 2.053240
-0.035426 0.752756 2.005615
-0.189779 0.553541 2.102619
-0.300644 0.390975 2.060373
-0.097771 0.503604 1.924341
-0.016256 0.554125 1.893176
0.134457 0.509576 2.094476
0.296291 0.426996 2.003329
0.139200 0.576068 1.911003
0.120526 0.588275 1.914817
-0.097007 0.050253 2.199196
-0.107782 -0.323636 2.348674
-0.096478 -0.710770 2.519635
-0.119440 -0.776071 2.444162
0.054020 0.048392 2.196219
0.103356 -0.316177 2.348782
0.108961 -0.696639 2.506943
0.116286 -0.764978 2.447927
-0.024176 0.567161 2.079255
0.019931 0.574800 1.886839
-0.034644 0.573833 1.854107
0.073896 0.634479 1.901842
0.054166 0.577935 1.946500
