0.009745 0.071215 2.279712
0.004075 0.373237 2.203584
-0.004392 0.664716 2.118223
-0.000340 0.811842 2.078373
-0.172262 0.539472 2.132115
-0.220961 0.286241 2.167143
-0.201815 0.068546 2.169481
-0.187880 0.005726 2.172091
0.167347 0.534305 2.141243
0.224802 0.279278 2.185382
0.228866 0.079531 2.199634
0.216739 0.001933 2.209081
-0.060441 0.069088 2.241262
-0.087840 -0.343518 2.403901
-0.072359 -0.716000 2.513026
-0.097745 -0.774996 2.429445
0.079642 0.071058 2.245543
0.120832 -0.312718 2.398836
0.119015 -0.691410 2.515265
0.124075 -0.765165 2.445639
-0.002266 0.593420 2.141447
-0.183614 -0.081170 2.173393
-0.211783 -0.007843 2.144250
0.216251 -0.079845 2.225331
0.188001 0.002797 2.203294
