0.510085 0.030434 2.332817
0.640160 0.357486 2.267320
0.757642 0.668914 2.192315
0.889421 0.748429 2.192863
0.656059 0.493952 2.073605
0.572269 0.237508 2.066046
0.583775 0.011327 2.145608
0.564339 -0.029129 2.197403
0.851344 0.507405 2.355796
0.922612 0.368873 2.541958
1.060919 0.345228 2.659318
1.084596 0.349979 2.664425
0.469597 0.032884 2.271092
0.493584 -0.426786 2.432082
0.436415 -0.760599 2.468583
0.495409 -0.772310 2.400089
0.534786 0.026185 2.323723
0.623982 -0.330636 2.525760
0.590559 -0.676831 2.607918
0.649626 -0.723948 2.589264
0.728274 0.592584 2.212612
0.567749 -0.118712 2.235580
0.509280 -0.001603 2.171903
1.074878 0.343443 2.727229
1.070169 0.318210 2.664200
