0.594436 -0.019884 2.247787
0.675799 0.295942 2.141499
0.750274 0.600846 2.024827
0.879137 0.683113 2.018847
0.572178 0.484892 1.974140
0.491748 0.279510 1.950383
0.678751 0.119938 2.028856
0.750606 0.064753 2.077790
0.874829 0.422991 2.220382
1.016912 0.335231 2.296327
1.197870 0.339928 2.228772
1.235581 0.353365 2.191078
0.533707 -0.007844 2.179724
0.404668 -0.424626 2.273465
0.347177 -0.741384 2.375440
0.345719 -0.800913 2.301271
0.636817 -0.031235 2.245536
0.627418 -0.384220 2.379285
0.596857 -0.710521 2.484179
0.644948 -0.763736 2.417279
0.732800 0.526130 2.055902
0.745386 0.048882 2.106473
0.740972 0.048593 2.094000
1.292747 0.345021 2.137855
1.233268 0.392661 2.179529
