0.593768 -0.020449 2.247938
0.676919 0.295424 2.142500
0.753718 0.600223 2.026402
0.881581 0.683712 2.019828
0.572508 0.485600 1.975046
0.492402 0.277756 1.951963
0.679916 0.119215 2.031097
0.750831 0.064501 2.080706
0.872907 0.423599 2.220025
1.014424 0.337064 2.298191
1.197896 0.337300 2.239317
1.233984 0.355466 2.216691
0.532763 -0.008580 2.180356
0.409582 -0.423593 2.276803
0.347522 -0.740672 2.375708
0.346585 -0.801554 2.300166
0.636282 -0.031551 2.245635
0.628820 -0.380006 2.378912
0.596856 -0.710268 2.484246
0.645498 -0.764121 2.417843
0.735572 0.525614 2.057372
0.747103 0.051451 2.095462
0.735697 0.054539 2.072205
1.292817 0.346299 2.165044
1.232792 0.393447 2.212000
