0.287811 0.050598 2.292112
0.311009 0.344926 2.203526
0.330790 0.629269 2.103247
0.351513 0.769538 2.044292
0.163296 0.523191 2.119272
0.058390 0.300586 2.209762
-0.001955 0.118494 2.264875
-0.026566 0.042445 2.299884
0.502945 0.470531 2.134553
0.596212 0.250117 2.168586
0.686362 0.078085 2.153056
0.747566 0.016735 2.144735
0.208525 0.059124 2.253164
0.064142 -0.332363 2.390726
-0.067977 -0.694541 2.524702
-0.099072 -0.767431 2.472866
0.357956 0.040405 2.259257
0.477865 -0.335330 2.374562
0.584439 -0.707330 2.476998
0.636920 -0.761197 2.414053
0.326365 0.559699 2.130405
-0.031346 -0.033721 2.330702
-0.002818 0.040104 2.278611
0.814167 -0.026470 2.140726
0.744241 -0.022998 2.133778
