-0.020479 0.078057 2.327844
-0.027673 0.379271 2.257661
-0.034203 0.669810 2.175697
-0.041186 0.811953 2.121365
-0.204470 0.543509 2.194847
-0.244731 0.290939 2.237506
-0.236559 0.097054 2.254249
-0.217297 0.021882 2.280771
0.132721 0.541983 2.190331
0.195042 0.289410 2.239204
0.203765 0.086617 2.262083
0.191018 0.010289 2.280155
-0.090728 0.075686 2.292707
-0.101668 -0.326817 2.454367
-0.072601 -0.696135 2.574054
-0.097566 -0.765568 2.493819
0.050444 0.078016 2.290676
0.092760 -0.324881 2.453567
0.097623 -0.683237 2.576840
0.109498 -0.752463 2.507893
-0.032657 0.598753 2.198305
-0.213005 -0.063858 2.302202
-0.172700 0.038586 2.238747
0.198343 -0.070849 2.299912
0.232318 0.021143 2.278666
