0.489166 0.032629 2.339910
0.619847 0.346790 2.262055
0.743509 0.649670 2.174249
0.861639 0.735069 2.156014
0.577306 0.512028 2.103461
0.744023 0.307017 2.106319
0.946702 0.202266 2.219108
1.051573 0.155846 2.289224
0.818437 0.510694 2.316180
0.850719 0.263288 2.206666
1.053175 0.135610 2.295879
1.085319 0.119709 2.312597
0.429201 0.038257 2.282274
0.416498 -0.341703 2.399447
0.358974 -0.701533 2.473331
0.405435 -0.765689 2.415919
0.534312 0.025732 2.326686
0.563923 -0.276260 2.518921
0.527787 -0.669253 2.605475
0.593722 -0.721128 2.581440
0.713619 0.575565 2.197984
1.115844 0.110688 2.315938
1.065969 0.195306 2.271111
1.116255 0.093618 2.321586
1.058096 0.092380 2.299143
