0.069661 0.093407 2.405955
0.046287 0.382518 2.295836
0.022815 0.662113 2.174849
0.105190 0.751975 2.139094
-0.089368 0.542248 2.120627
-0.131431 0.277194 2.124346
-0.105817 0.079100 2.163963
-0.089363 0.001012 2.205413
0.126124 0.575554 2.348303
0.168638 0.395126 2.455777
0.191548 0.143004 2.521649
0.195857 0.070795 2.538800
0.018967 0.083035 2.312926
-0.008314 -0.317644 2.441115
-0.014046 -0.690131 2.571999
0.054578 -0.753073 2.531469
0.116848 0.101700 2.426939
0.122865 -0.300924 2.606423
0.096253 -0.660045 2.754404
0.142039 -0.695053 2.766363
0.028747 0.593709 2.207127
-0.069840 -0.079748 2.231533
-0.052183 0.004684 2.218200
0.204826 0.006834 2.568593
0.167694 0.083875 2.484727
