-0.048517 0.061644 2.289947
-0.076788 0.360327 2.217625
-0.103178 0.648881 2.133842
-0.119154 0.791713 2.078239
-0.267313 0.517401 2.158328
-0.286230 0.259982 2.206849
-0.269291 0.067982 2.231691
-0.257580 0.018722 2.254629
0.069219 0.536208 2.150577
0.150307 0.286923 2.192501
0.181343 0.079340 2.205431
0.170254 0.003175 2.212005
-0.118297 0.055689 2.255117
-0.103449 -0.348387 2.413114
-0.038800 -0.711631 2.540808
-0.053825 -0.764617 2.460014
0.022756 0.065679 2.251885
0.095836 -0.337702 2.359470
0.125969 -0.697817 2.506093
0.152080 -0.764793 2.444463
-0.096800 0.578262 2.156791
-0.249201 -0.065513 2.270978
-0.212170 0.029148 2.250813
0.175731 -0.079837 2.228185
0.128931 0.011362 2.190034
