0.028153 0.031864 2.290413
0.108816 0.312743 2.185909
0.168497 0.585116 2.068569
0.268225 0.662304 2.032130
0.011010 0.523134 2.045014
-0.077521 0.320538 2.011364
0.092535 0.148326 2.011722
0.141596 0.128644 2.036187
0.281075 0.437384 2.199819
0.342732 0.240193 2.349437
0.453914 0.081945 2.316191
0.472312 0.069111 2.318021
-0.028141 0.045728 2.222185
-0.123377 -0.344963 2.313424
-0.127218 -0.726908 2.434027
-0.153961 -0.799922 2.362459
0.084370 0.018055 2.284792
0.118137 -0.340508 2.404643
0.135871 -0.688479 2.520905
0.152640 -0.762913 2.446580
0.155418 0.518403 2.099996
0.194852 0.094471 2.038494
0.090424 0.112936 2.087840
0.512825 0.013094 2.329525
0.490916 0.118073 2.254286
