-0.081303 -0.011735 2.323806
-0.088332 0.183232 2.077520
-0.107575 0.391394 1.837528
-0.122667 0.467559 1.741558
-0.277533 0.341828 1.995895
-0.274295 0.167424 2.072748
-0.074917 0.049924 1.933265
-0.042798 0.008885 1.957270
0.043970 0.324621 1.916593
0.088981 0.102537 1.968942
0.054763 -0.118459 1.974751
0.040075 -0.205780 1.979914
-0.151512 -0.006476 2.306114
-0.152680 -0.371816 2.393240
-0.118483 -0.726034 2.461036
-0.149457 -0.794375 2.383209
-0.008510 -0.016632 2.269110
0.104534 -0.392414 2.354711
0.124685 -0.714572 2.481828
0.153788 -0.761074 2.408154
-0.101163 0.338952 1.897454
0.059841 0.003840 1.960657
0.023799 0.020656 1.944000
0.051119 -0.284032 2.000147
0.012263 -0.225496 1.982417
