-0.042587 0.040869 2.243382
-0.050729 0.334897 2.141980
-0.057691 0.617811 2.029335
-0.068912 0.715084 1.941551
-0.220035 0.516832 2.091668
-0.272147 0.289420 2.070471
-0.176591 0.304246 1.885290
-0.183290 0.298010 1.873797
0.115111 0.505962 2.060354
0.178608 0.261082 2.133220
0.186480 0.037436 2.181881
0.176512 -0.030785 2.206547
-0.112496 0.040291 2.215619
-0.149602 -0.349544 2.351715
-0.154283 -0.724702 2.463086
-0.192642 -0.797852 2.396340
0.029376 0.040391 2.199002
0.086673 -0.351424 2.340593
0.121144 -0.704996 2.470998
0.141048 -0.775883 2.406424
-0.056066 0.548708 2.059575
-0.187437 0.311872 1.814940
-0.139259 0.325867 1.900357
0.174118 -0.112381 2.231616
0.132079 -0.023622 2.163632
