0.000806 0.048308 2.170630
-0.011641 0.365072 2.129447
-0.023282 0.670042 2.076337
-0.015266 0.820123 2.047805
-0.139802 0.509894 2.020087
-0.216307 0.540138 1.814192
-0.087902 0.693986 1.819116
-0.061792 0.747807 1.847870
0.131456 0.509118 2.069440
0.209030 0.255240 2.094170
0.216726 0.026119 2.098170
0.215070 -0.042252 2.105326
-0.072266 0.045246 2.124760
-0.115207 -0.343150 2.289408
-0.120850 -0.726418 2.457723
-0.156158 -0.800322 2.381203
0.073953 0.049644 2.144085
0.115130 -0.310708 2.287250
0.124995 -0.697758 2.466985
0.143333 -0.775566 2.404319
-0.020321 0.595390 2.091537
-0.029064 0.818047 1.884507
-0.002420 0.744040 1.870750
0.215732 -0.121122 2.109345
0.183451 -0.028442 2.119750
