0.035987 -0.046569 2.359225
0.132685 0.289175 2.248855
0.225867 0.611134 2.129225
0.340569 0.698373 2.128187
0.078425 0.470269 2.044032
0.211078 0.237899 2.045959
0.360743 0.043049 2.129296
0.416019 -0.001339 2.177589
0.288626 0.478534 2.300343
0.289822 0.239794 2.164666
0.398550 0.033333 2.149945
0.425099 -0.007756 2.181206
-0.007286 -0.037819 2.316913
-0.056939 -0.426264 2.383041
-0.195081 -0.744190 2.447650
-0.180949 -0.798821 2.374611
0.076632 -0.047565 2.337336
0.116043 -0.386165 2.535638
0.149065 -0.720531 2.584924
0.199127 -0.749212 2.590234
0.202970 0.532486 2.160976
0.466331 -0.053392 2.219806
0.425745 0.031587 2.147154
0.455785 -0.039445 2.194706
0.459552 -0.001445 2.166562
