-0.034893 0.034671 2.135681
-0.048256 0.348680 2.103040
-0.060183 0.654299 2.063283
-0.034143 0.796804 2.057109
-0.196814 0.483656 2.000608
-0.271074 0.547531 1.805007
-0.139575 0.689609 1.792033
-0.113162 0.723174 1.813036
0.098786 0.502872 2.060741
0.172230 0.246346 2.076675
0.178493 0.019431 2.079166
0.166878 -0.049924 2.082849
-0.107970 0.031118 2.087950
-0.141317 -0.344331 2.262329
-0.141319 -0.724812 2.454806
-0.168487 -0.798608 2.383800
0.039373 0.037001 2.110913
0.083535 -0.322232 2.256242
0.098929 -0.708459 2.441278
0.116330 -0.786975 2.389204
-0.057264 0.579601 2.075127
-0.065895 0.797505 1.831744
-0.089104 0.701579 1.833000
0.174968 -0.120230 2.075066
0.197023 -0.049744 2.053173
