-0.480497 -0.262417 2.597854
-0.477508 0.018462 2.526039
-0.471935 0.292926 2.442816
-0.472334 0.435059 2.397908
-0.634738 0.188229 2.424670
-0.656170 -0.071560 2.385191
-0.581147 -0.239517 2.308543
-0.553605 -0.304493 2.295607
-0.315556 0.203138 2.472846
-0.251833 -0.054943 2.440132
-0.271319 -0.250392 2.335953
-0.286823 -0.316759 2.296731
-0.553401 -0.258628 2.549733
-0.538801 -0.440854 2.193070
-0.526733 -0.781289 2.384038
-0.535076 -0.840809 2.299657
-0.394428 -0.258931 2.575039
-0.255308 -0.412576 2.231027
-0.270954 -0.761491 2.401071
-0.239149 -0.822558 2.326309
-0.473802 0.225290 2.465875
-0.515172 -0.361560 2.236802
-0.515993 -0.289544 2.362248
-0.287463 -0.370102 2.227094
-0.334342 -0.313298 2.290000
