0.090093 -0.047483 1.871571
0.072243 0.254567 1.797497
0.054362 0.544357 1.711106
0.043949 0.691036 1.657185
-0.106175 0.426359 1.730271
-0.152620 0.216913 1.804415
-0.097179 0.003283 1.809083
-0.076121 -0.057240 1.807922
0.224022 0.424518 1.738547
0.280191 0.227234 1.841815
0.192773 0.021673 1.722720
0.183761 -0.016938 1.756850
0.012898 -0.046123 1.835871
0.001366 -0.440284 1.962902
0.017342 -0.823021 2.124135
-0.002072 -0.881088 2.050217
0.163778 -0.047023 1.835291
0.219929 -0.445612 1.917329
0.239799 -0.809120 2.108680
0.260877 -0.871615 2.048094
0.058844 0.473729 1.734789
-0.049683 -0.133997 1.809126
-0.043461 -0.040838 1.754413
0.172389 -0.066470 1.768134
0.125699 0.016130 1.705887
