0.486157 0.047479 2.309990
0.629833 0.331187 2.246763
0.765690 0.604844 2.172466
0.909733 0.666036 2.184463
0.588076 0.472090 2.100079
0.749779 0.262915 2.096467
0.936912 0.141282 2.217999
1.021403 0.101086 2.291232
0.838169 0.502936 2.340153
0.862188 0.254030 2.232325
1.037947 0.081854 2.306139
1.068776 0.070388 2.324735
0.431889 0.059019 2.246605
0.439369 -0.332062 2.354469
0.464404 -0.703713 2.456428
0.537244 -0.757600 2.432989
0.525460 0.033769 2.301768
0.414609 -0.367868 2.544001
0.696165 -0.565358 2.548105
0.656474 -0.649052 2.548841
0.732911 0.537848 2.193016
1.077270 0.056902 2.319872
1.023808 0.055677 2.308000
1.106999 0.030195 2.339567
1.068053 0.127814 2.297167
