0.474924 0.041654 2.307194
0.621982 0.323593 2.248326
0.759810 0.595304 2.178862
0.906636 0.653699 2.199769
0.575730 0.465739 2.099143
0.724457 0.247091 2.101234
0.909300 0.133757 2.203228
0.976119 0.103590 2.276976
0.832309 0.493433 2.346519
0.844970 0.245058 2.234750
1.003761 0.070003 2.333009
1.038078 0.061219 2.348097
0.420121 0.052878 2.241658
0.426576 -0.331356 2.349479
0.459578 -0.701604 2.453427
0.533319 -0.753910 2.432881
0.514815 0.028907 2.301403
0.409781 -0.369706 2.549390
0.663806 -0.601873 2.548442
0.643571 -0.684176 2.561264
0.726591 0.528823 2.198075
1.030632 0.078970 2.322930
0.978724 0.068527 2.290214
1.093990 0.026350 2.390288
1.050431 0.101822 2.319405
