-0.032624 0.098332 2.324385
-0.049417 0.388455 2.260614
-0.065456 0.668050 2.184903
-0.073989 0.812981 2.134348
-0.234259 0.536162 2.189456
-0.276426 0.277717 2.231131
-0.282854 0.075147 2.255015
-0.279682 -0.001150 2.277600
0.104868 0.546301 2.204398
0.180866 0.298058 2.254930
0.201901 0.100002 2.258085
0.190534 0.022056 2.260685
-0.099331 0.094385 2.285823
-0.125804 -0.326262 2.435277
-0.099157 -0.695385 2.572632
-0.102109 -0.761631 2.492141
0.035069 0.099655 2.289889
0.102704 -0.331473 2.425735
0.123906 -0.677171 2.564056
0.142966 -0.751592 2.506092
-0.061561 0.599695 2.205962
-0.277178 -0.078583 2.298604
-0.289498 -0.028248 2.251652
0.197107 -0.056820 2.269480
0.148864 0.020289 2.248957
