0.073258 0.097126 2.317271
0.075379 0.385973 2.245441
0.077468 0.663137 2.161473
0.163824 0.765737 2.118184
-0.062954 0.559369 2.115601
-0.139548 0.301685 2.093183
-0.099435 0.040691 2.106333
-0.089089 -0.006924 2.115743
0.199156 0.544633 2.296690
0.228431 0.331540 2.325827
0.196621 0.169339 2.210041
0.147199 0.140429 2.204359
0.014495 0.093715 2.245512
-0.051565 -0.360560 2.342435
-0.093877 -0.718140 2.509376
-0.074230 -0.775983 2.447687
0.129364 0.097244 2.317766
0.130623 -0.342731 2.471955
0.133580 -0.687556 2.568359
0.144341 -0.756015 2.500068
0.076857 0.595386 2.184802
-0.073652 -0.072845 2.136724
-0.107311 -0.018525 2.090691
0.114806 0.091730 2.194567
0.167837 0.102320 2.248750
