-0.158469 0.006499 2.239606
-0.279036 0.251618 2.099437
-0.392879 0.488208 1.948767
-0.493664 0.566200 1.858476
-0.495344 0.318011 2.048011
-0.609291 0.114836 2.099534
-0.717664 -0.044921 2.080247
-0.784308 -0.093111 2.072269
-0.221060 0.464680 1.951145
-0.026596 0.308530 2.033873
0.087032 0.098053 2.135074
0.105465 0.056320 2.161341
-0.214581 -0.023570 2.218637
-0.198337 -0.402267 2.374091
-0.179583 -0.737148 2.440273
-0.217886 -0.809392 2.380895
-0.097368 0.036123 2.189231
-0.000040 -0.360420 2.341667
0.106617 -0.708606 2.472250
0.136918 -0.782310 2.409978
-0.365603 0.430318 1.988600
-0.821505 -0.148991 2.055016
-0.778193 -0.158824 2.018500
0.130601 -0.017213 2.201994
0.052116 0.013540 2.171819
