-0.023990 0.064595 2.211344
-0.022036 0.340714 2.136166
-0.020742 0.609663 2.045236
-0.039231 0.744420 1.983653
-0.203450 0.492649 2.066381
-0.373776 0.412122 1.996082
-0.143638 0.515085 1.905942
-0.039945 0.561327 1.866508
0.121174 0.511135 2.058821
0.289550 0.433363 1.977596
0.140194 0.539209 1.900413
0.115380 0.564060 1.892171
-0.097392 0.060906 2.173331
-0.117337 -0.344025 2.315023
-0.107041 -0.735552 2.471595
-0.133147 -0.791875 2.390385
0.050230 0.066100 2.177237
0.092186 -0.324859 2.321096
0.098640 -0.707970 2.470306
0.118975 -0.777006 2.407779
-0.020997 0.543742 2.070313
0.008489 0.579862 1.846179
-0.045971 0.573817 1.816756
0.062311 0.614638 1.879202
0.040007 0.584805 1.900800
