-0.161048 0.016844 2.227004
-0.312388 0.236966 2.103304
-0.460191 0.449157 1.965120
-0.580122 0.513231 1.899013
-0.551655 0.272315 2.079571
-0.668853 0.084484 2.118078
-0.802361 -0.053769 2.109240
-0.859460 -0.084488 2.107206
-0.264518 0.457720 1.943596
-0.047304 0.325363 2.012368
0.048829 0.147964 2.104796
0.060138 0.099046 2.134017
-0.215250 -0.018557 2.214410
-0.205862 -0.431770 2.351820
-0.176641 -0.754738 2.454010
-0.222394 -0.809144 2.386616
-0.101907 0.052411 2.166972
0.062087 -0.345940 2.327324
0.117610 -0.708402 2.440682
0.141352 -0.790986 2.389386
-0.424135 0.397881 2.001723
-0.927919 -0.122370 2.152740
-0.883613 -0.027855 2.165667
0.109291 0.036351 2.169647
0.016926 0.051813 2.100222
