-0.072062 0.044316 2.244637
-0.105537 0.325140 2.123603
-0.136342 0.595827 1.991574
-0.185371 0.690076 1.907442
-0.278242 0.468090 2.089425
-0.299815 0.263064 2.154866
-0.368745 0.139792 1.993645
-0.370978 0.137051 1.982928
0.029760 0.504922 2.024832
0.139498 0.284845 2.114092
0.161275 0.095269 2.172507
0.154278 0.017781 2.204636
-0.138421 0.037428 2.219331
-0.174244 -0.365511 2.354024
-0.177502 -0.730741 2.457201
-0.215750 -0.795186 2.390748
-0.003041 0.049839 2.197617
0.068067 -0.336823 2.351606
0.093445 -0.706165 2.479751
0.116031 -0.774442 2.415359
-0.128979 0.529626 2.026628
-0.380700 0.100956 1.930971
-0.311558 0.148350 1.926500
0.161585 -0.062089 2.228918
0.110182 0.018004 2.160222
