-0.519398 -0.299916 2.642176
-0.526831 -0.050258 2.516032
-0.530142 0.195437 2.381400
-0.523845 0.321228 2.310257
-0.666546 0.097755 2.367476
-0.681569 -0.117732 2.316313
-0.619556 -0.301270 2.206206
-0.610341 -0.349127 2.211699
-0.357323 0.127692 2.419903
-0.275765 -0.076304 2.418596
-0.269610 -0.277109 2.283464
-0.283009 -0.330118 2.273763
-0.588933 -0.305021 2.592381
-0.589183 -0.391018 2.245404
-0.565889 -0.794253 2.301016
-0.565976 -0.859448 2.220745
-0.436578 -0.286699 2.623201
-0.299773 -0.369499 2.303418
-0.306177 -0.768157 2.334401
-0.266235 -0.839222 2.255810
-0.529925 0.134677 2.417116
-0.600715 -0.400261 2.194635
-0.575609 -0.335118 2.224750
-0.286543 -0.378971 2.255978
-0.318117 -0.316366 2.267319
