-0.519730 -0.296160 2.667038
-0.537860 -0.052061 2.557711
-0.555451 0.186017 2.431585
-0.594564 0.289516 2.363828
-0.685633 0.080382 2.419909
-0.680512 -0.131532 2.348802
-0.611640 -0.320361 2.254139
-0.601423 -0.365943 2.241929
-0.390994 0.141810 2.482762
-0.283819 -0.059603 2.497628
-0.281621 -0.242856 2.370351
-0.292592 -0.317433 2.320210
-0.585927 -0.305704 2.614930
-0.604327 -0.375231 2.264665
-0.551421 -0.764953 2.421691
-0.556153 -0.826256 2.346423
-0.439773 -0.279788 2.650410
-0.294844 -0.349392 2.330832
-0.343516 -0.740088 2.443089
-0.304285 -0.808490 2.384898
-0.551528 0.127255 2.465454
-0.583031 -0.434575 2.226279
-0.552506 -0.363353 2.258581
-0.295726 -0.383332 2.272336
-0.340827 -0.297960 2.345167
