0.397255 0.023290 2.198804
0.410772 0.329657 2.114724
0.421499 0.625186 2.019351
0.504741 0.753553 2.030308
0.327619 0.472640 1.907025
0.348823 0.173428 1.878589
0.409956 -0.049411 1.930856
0.419954 -0.102685 1.999979
0.507904 0.491854 2.154444
0.542341 0.263396 2.297847
0.352712 0.047596 2.213914
0.243247 -0.032470 2.137139
0.356649 0.017787 2.102830
0.452369 -0.375581 2.234838
0.422082 -0.756356 2.377983
0.515620 -0.789675 2.360007
0.425687 0.028097 2.225227
0.383943 -0.369103 2.297493
0.214181 -0.715208 2.411419
0.274658 -0.770508 2.408203
0.419301 0.552906 2.045196
0.465555 -0.174426 2.023878
0.378160 -0.077398 2.033677
0.256977 -0.108644 2.133309
0.294961 -0.014269 2.043143
