0.516064 0.029526 2.401367
0.612663 0.358801 2.327927
0.703064 0.675352 2.249407
0.841668 0.749901 2.280598
0.569892 0.530770 2.142625
0.516844 0.271579 2.099882
0.607552 0.074142 2.102203
0.634428 0.032270 2.149464
0.788527 0.542557 2.384461
0.821387 0.314626 2.528224
0.960815 0.220638 2.675712
0.999358 0.209265 2.691513
0.485619 0.065837 2.337126
0.571703 -0.358075 2.332525
0.502549 -0.721614 2.429078
0.552505 -0.777544 2.372133
0.530011 -0.011540 2.408433
0.529863 -0.363860 2.547071
0.518526 -0.591942 2.797127
0.592009 -0.645108 2.710523
0.680984 0.597826 2.270489
0.689212 -0.022707 2.167088
0.662531 0.027161 2.099579
1.017857 0.187730 2.712403
1.002481 0.175976 2.669200
