0.635257 0.072955 2.319187
0.610801 0.379820 2.256021
0.580506 0.676004 2.180366
0.624812 0.810982 2.164569
0.494758 0.509075 2.102427
0.442716 0.246496 2.084446
0.476251 0.033720 2.109811
0.482733 -0.030533 2.139107
0.751296 0.543420 2.333896
0.885484 0.654375 2.195135
0.885417 0.643033 2.188262
0.837213 0.712775 2.162003
0.583766 0.086759 2.238175
0.579725 -0.338147 2.314987
0.495550 -0.717711 2.434180
0.554249 -0.773672 2.395737
0.667908 0.057088 2.331991
0.543289 -0.313476 2.504402
0.632292 -0.707558 2.636347
0.693188 -0.746432 2.598969
0.588908 0.603573 2.201257
0.495480 -0.111215 2.176280
0.528844 -0.013273 2.144461
0.802611 0.765897 2.132905
0.798584 0.735695 2.151400
