0.618849 0.078996 2.272372
0.572993 0.372154 2.204734
0.523723 0.656092 2.124807
0.543074 0.797456 2.113943
0.457857 0.488312 2.050785
0.417423 0.225507 2.022507
0.489615 0.011295 2.037091
0.516348 -0.055926 2.051211
0.712894 0.580803 2.266524
0.910317 0.611103 2.176175
0.758949 0.758425 2.110971
0.745298 0.780873 2.083875
0.567046 0.090194 2.191571
0.530699 -0.316570 2.293211
0.479937 -0.710170 2.430227
0.546587 -0.774081 2.396235
0.651525 0.068074 2.281549
0.530323 -0.304097 2.453609
0.620965 -0.698023 2.638212
0.677461 -0.741115 2.590968
0.536534 0.586689 2.146839
0.554461 -0.130802 2.086616
0.551812 -0.034921 2.062000
0.678910 0.806614 2.053732
0.760641 0.776800 1.980800
