0.602283 0.067795 2.259654
0.556078 0.363055 2.186411
0.506939 0.647963 2.101378
0.518188 0.790245 2.091901
0.446866 0.477973 2.022549
0.418965 0.215696 1.998896
0.493639 0.009962 2.015863
0.515392 -0.057340 2.064079
0.700311 0.590776 2.241718
0.862564 0.684441 2.124919
0.799934 0.736938 2.090007
0.732486 0.792119 2.067443
0.547132 0.073034 2.190766
0.522378 -0.313942 2.283562
0.477055 -0.711281 2.430204
0.545284 -0.774162 2.395955
0.637764 0.060042 2.259658
0.522307 -0.308588 2.440129
0.611917 -0.690778 2.624320
0.668306 -0.736182 2.592282
0.519703 0.578273 2.124712
0.550288 -0.143813 2.091399
0.568486 -0.001612 2.102276
0.664005 0.812667 2.035308
0.745008 0.784499 1.953836
