-0.478734 -0.327900 2.583256
-0.524486 -0.085617 2.463880
-0.561231 0.153904 2.336328
-0.664822 0.219254 2.271909
-0.669081 0.016727 2.388498
-0.686270 -0.200582 2.367993
-0.563896 -0.306685 2.211601
-0.571987 -0.352917 2.210274
-0.408613 0.113736 2.334148
-0.263983 -0.062078 2.345133
-0.283998 -0.262332 2.252870
-0.298619 -0.317480 2.214054
-0.545096 -0.343151 2.551272
-0.603039 -0.377529 2.200372
-0.586024 -0.787823 2.340605
-0.602925 -0.847139 2.270313
-0.400556 -0.302867 2.546890
-0.325201 -0.381001 2.205360
-0.343051 -0.786510 2.334211
-0.320253 -0.844250 2.246578
-0.552985 0.094724 2.370265
-0.541478 -0.388939 2.194360
-0.534352 -0.349884 2.221812
-0.290115 -0.400341 2.161700
-0.263540 -0.359926 2.199195
