-0.478036 -0.324056 2.589585
-0.519490 -0.079513 2.473960
-0.554749 0.160448 2.346856
-0.654313 0.231794 2.285778
-0.667293 0.019910 2.399081
-0.676604 -0.196933 2.359901
-0.554017 -0.307891 2.207302
-0.564964 -0.352385 2.213438
-0.401806 0.117173 2.346334
-0.259142 -0.053751 2.365489
-0.277238 -0.250933 2.265594
-0.297722 -0.308574 2.226683
-0.544855 -0.337852 2.557090
-0.600327 -0.373835 2.205889
-0.586164 -0.787897 2.342854
-0.603000 -0.845986 2.270352
-0.398926 -0.301055 2.553299
-0.326479 -0.381329 2.211679
-0.342400 -0.782972 2.332150
-0.320111 -0.843934 2.246953
-0.546735 0.101194 2.380813
-0.539258 -0.394791 2.193857
-0.527189 -0.347491 2.223125
-0.284588 -0.390362 2.171648
-0.264465 -0.346225 2.210709
