-0.480529 -0.323827 2.592762
-0.518039 -0.077713 2.482821
-0.552901 0.162323 2.360148
-0.649682 0.238591 2.291721
-0.667151 0.022509 2.403727
-0.675685 -0.189311 2.335594
-0.576143 -0.316399 2.179025
-0.582615 -0.353636 2.190006
-0.403219 0.119602 2.352740
-0.256290 -0.045155 2.357027
-0.269391 -0.238333 2.244393
-0.289958 -0.296552 2.200097
-0.547076 -0.336982 2.558534
-0.599748 -0.356637 2.205258
-0.585185 -0.783102 2.328422
-0.603921 -0.847383 2.259914
-0.401235 -0.302114 2.557887
-0.326201 -0.375898 2.215197
-0.341362 -0.778578 2.325846
-0.317117 -0.842649 2.239092
-0.544719 0.103144 2.392990
-0.572027 -0.384937 2.172575
-0.539914 -0.347895 2.199400
-0.293114 -0.375757 2.156323
-0.259276 -0.331517 2.241000
