-0.483623 -0.308961 2.615860
-0.491551 -0.052875 2.532372
-0.495919 0.196500 2.432386
-0.550464 0.299412 2.363306
-0.634821 0.078068 2.447143
-0.652453 -0.135526 2.388691
-0.564123 -0.290641 2.253402
-0.558963 -0.352383 2.224247
-0.342099 0.135612 2.453518
-0.254365 -0.067321 2.456041
-0.287429 -0.240656 2.319256
-0.315933 -0.285120 2.271721
-0.554144 -0.312308 2.577867
-0.572822 -0.382577 2.227733
-0.565005 -0.797502 2.302525
-0.579675 -0.858312 2.227223
-0.400749 -0.297597 2.584820
-0.333347 -0.379889 2.242675
-0.344124 -0.786875 2.331444
-0.317690 -0.842840 2.245004
-0.495429 0.135008 2.459843
-0.549017 -0.418002 2.173045
-0.504688 -0.356704 2.226269
-0.347256 -0.355813 2.194198
-0.297140 -0.334945 2.209800
