-0.097934 -0.002244 2.096832
-0.092084 0.276768 2.029269
-0.085562 0.545367 1.949819
-0.095079 0.685829 1.897218
-0.241728 0.443638 2.002315
-0.234098 0.218757 1.910011
-0.296065 0.124849 1.713803
-0.331053 0.086586 1.652077
0.074303 0.422472 1.921378
0.146220 0.180488 1.977187
0.165871 -0.037643 1.983765
0.169998 -0.114718 2.012874
-0.160759 -0.002340 2.071258
-0.223838 -0.389023 2.185343
-0.238267 -0.742347 2.366977
-0.290130 -0.820113 2.309049
-0.031657 -0.002098 2.052184
-0.000622 -0.373042 2.184665
-0.017966 -0.740616 2.360744
-0.006959 -0.826213 2.294694
-0.087278 0.479726 1.971772
-0.290845 0.170918 1.547204
-0.412047 0.088066 1.679175
0.169724 -0.193511 2.031244
0.137737 -0.102268 2.006572
