-0.129935 0.002146 2.122384
-0.121807 0.277421 2.041327
-0.113510 0.542965 1.948055
-0.164384 0.670839 1.882717
-0.263919 0.450116 2.017210
-0.279006 0.212938 1.949601
-0.321532 0.038242 1.815310
-0.336268 -0.019635 1.774312
0.027250 0.423656 1.913152
0.113403 0.187594 1.953813
0.121238 -0.041690 1.950733
0.100196 -0.129340 1.971969
-0.191760 0.003015 2.101768
-0.294838 -0.374153 2.194741
-0.340990 -0.741956 2.371267
-0.385932 -0.819482 2.313735
-0.063885 0.001179 2.072512
-0.015792 -0.363900 2.193443
-0.019019 -0.736522 2.361571
-0.006953 -0.826210 2.296203
-0.115682 0.478087 1.973582
-0.296172 0.065219 1.669454
-0.417491 -0.016735 1.801336
0.094460 -0.204818 1.980147
0.061559 -0.129265 1.975917
