-0.160008 0.014305 2.214169
-0.147941 0.274587 2.111288
-0.134381 0.526393 1.997412
-0.198877 0.633411 1.902166
-0.294840 0.438466 2.092740
-0.340787 0.216431 2.174168
-0.390798 0.010095 2.212527
-0.391069 -0.040033 2.222728
0.001668 0.437075 1.987023
0.117359 0.208004 2.032657
0.138975 -0.031730 2.033029
0.120644 -0.121528 2.056536
-0.223677 0.014734 2.192631
-0.332475 -0.363782 2.274039
-0.418763 -0.732834 2.426217
-0.462307 -0.802670 2.367404
-0.091316 0.013839 2.165348
-0.030787 -0.320040 2.279397
-0.010190 -0.716074 2.448371
0.009343 -0.795839 2.369562
-0.138017 0.464893 2.027972
-0.389800 -0.109492 2.240045
-0.423859 -0.011619 2.220500
0.117442 -0.202442 2.069479
0.086374 -0.125310 2.042650
