0.606772 0.078708 2.297494
0.659862 0.370845 2.224217
0.707606 0.652516 2.139868
0.825967 0.739051 2.126028
0.604294 0.511204 2.078306
0.718163 0.283256 2.083269
0.885160 0.157391 2.122493
0.915049 0.202412 2.211297
0.796928 0.523571 2.266126
0.849253 0.235489 2.305499
1.054568 0.178282 2.306331
1.068298 0.188503 2.320816
0.551407 0.080102 2.250073
0.590080 -0.342006 2.305712
0.541673 -0.715742 2.411038
0.601268 -0.782864 2.363033
0.644042 0.074839 2.276337
0.556315 -0.303687 2.453001
0.684061 -0.721191 2.613605
0.744825 -0.758749 2.585809
0.696553 0.583603 2.162926
0.918966 0.195957 2.224899
0.908602 0.194381 2.207000
1.110419 0.183005 2.313616
1.046933 0.143228 2.301957
