0.619569 0.086224 2.319387
0.669898 0.381829 2.252112
0.714785 0.668188 2.176140
0.835180 0.752834 2.163902
0.614223 0.518894 2.105013
0.729261 0.293437 2.106116
0.859815 0.148039 2.186254
0.904558 0.100111 2.216574
0.804107 0.539284 2.302399
0.773996 0.269092 2.164230
1.005587 0.202269 2.313903
1.041593 0.197360 2.347554
0.571220 0.091567 2.267396
0.605695 -0.343068 2.307836
0.544509 -0.720534 2.411452
0.603441 -0.784014 2.361152
0.648742 0.077993 2.303270
0.565248 -0.306837 2.470222
0.691104 -0.747659 2.578886
0.740111 -0.742951 2.607068
0.704226 0.597984 2.196872
0.905215 0.097547 2.217913
0.889854 0.102250 2.181698
1.107146 0.152585 2.371240
1.014265 0.154522 2.342870
