0.030437 0.003594 2.452194
0.106964 0.308881 2.391566
0.181341 0.609696 2.321994
0.305164 0.689472 2.355999
0.057864 0.493907 2.211428
-0.026955 0.285869 2.147027
0.039955 0.011063 2.177722
0.017306 -0.021731 2.223817
0.285708 0.511967 2.445922
0.248561 0.257607 2.580307
0.284338 0.056857 2.695347
0.305197 0.006988 2.762460
-0.020115 0.014225 2.385153
-0.024881 -0.323379 2.434448
-0.071436 -0.678505 2.553882
-0.027979 -0.762061 2.495140
0.080073 -0.005574 2.450659
0.113730 -0.283643 2.675447
0.119974 -0.594886 2.809447
0.202832 -0.646950 2.829981
0.163324 0.535555 2.340874
0.006587 -0.071746 2.275321
-0.036382 0.015836 2.246122
0.345123 -0.056248 2.879804
0.255854 0.072930 2.768500
