0.036536 0.018969 2.515538
0.112296 0.322915 2.420382
0.186437 0.618707 2.321021
0.298612 0.708515 2.328710
0.065415 0.507055 2.231943
-0.045231 0.301315 2.184799
-0.012772 0.045791 2.217298
-0.020771 -0.005442 2.260320
0.290787 0.520952 2.444963
0.243891 0.263029 2.570904
0.294700 0.067541 2.684105
0.319138 0.003493 2.726996
-0.013895 0.031635 2.431907
-0.043355 -0.309768 2.468519
-0.075841 -0.670155 2.559911
-0.033345 -0.758802 2.497872
0.086274 0.005566 2.531815
0.106558 -0.260273 2.683813
0.118969 -0.578808 2.806970
0.198305 -0.637812 2.824979
0.168394 0.545524 2.346761
0.004813 -0.072019 2.292492
-0.077429 0.000958 2.305455
0.331907 -0.052515 2.785306
0.275008 0.057655 2.793625
