0.134365 0.065258 2.368445
0.175554 0.364808 2.308273
0.213764 0.654826 2.237242
0.334151 0.735664 2.245275
0.124330 0.510686 2.142605
0.141362 0.216192 2.088878
0.217676 0.012711 2.100925
0.241703 -0.048672 2.130134
0.301062 0.560784 2.367174
0.271747 0.288514 2.232582
0.310789 0.008378 2.306401
0.284715 -0.093311 2.276146
0.094933 0.063090 2.302069
0.060671 -0.236552 2.581693
-0.060385 -0.631593 2.748054
0.035645 -0.657929 2.664304
0.169500 0.065403 2.364438
0.157198 -0.333299 2.459450
0.232742 -0.717293 2.518317
0.300362 -0.764079 2.446633
0.204577 0.583735 2.257027
0.281345 -0.107881 2.151362
0.270829 -0.044098 2.105895
0.283647 -0.096103 2.267828
0.284913 -0.093812 2.253980
