0.662213 -0.063028 2.014885
0.728658 0.203778 1.894242
0.787687 0.461508 1.762523
0.889674 0.533928 1.711293
0.621154 0.391375 1.740107
0.467652 0.234215 1.776914
0.573050 0.043609 1.754376
0.629757 0.025541 1.791780
0.893857 0.312919 1.875385
0.934304 0.069944 2.024490
1.196440 0.140074 1.911371
1.285375 0.163561 1.877124
0.594214 -0.048038 1.956277
0.508135 -0.461794 2.038350
0.466757 -0.815283 2.106606
0.486265 -0.884794 2.020619
0.708009 -0.075949 2.006281
0.673167 -0.463110 2.155562
0.600879 -0.795173 2.227551
0.695471 -0.829744 2.204053
0.774175 0.398420 1.797301
0.702485 -0.012826 1.773008
0.586054 -0.003346 1.844459
1.341675 0.173833 1.835009
1.261714 0.169347 1.830700
