0.356085 -0.060933 1.908642
0.328890 0.224456 1.807678
0.299555 0.498855 1.694048
0.359366 0.621891 1.665251
0.181728 0.361888 1.660702
0.102533 0.113025 1.673414
0.113733 -0.119321 1.684775
0.123434 -0.196397 1.706860
0.432734 0.395418 1.810760
0.488710 0.164743 1.967270
0.540360 -0.030815 2.096506
0.543149 -0.052576 2.125437
0.291499 -0.066666 1.848225
0.260508 -0.431679 1.965495
0.257443 -0.788708 2.178134
0.287385 -0.862661 2.116270
0.407472 -0.052877 1.899664
0.479919 -0.413786 2.069884
0.520167 -0.757805 2.226704
0.597187 -0.813880 2.223588
0.307242 0.431934 1.724584
0.139830 -0.272691 1.712136
0.190712 -0.152929 1.769857
0.554727 -0.096703 2.138367
0.510867 -0.055536 2.074000
