-0.535708 -0.254640 2.633282
-0.536487 0.015452 2.570244
-0.531957 0.278133 2.488438
-0.523681 0.407191 2.447524
-0.674923 0.158166 2.470966
-0.694529 -0.065206 2.409790
-0.643832 -0.257590 2.309284
-0.632138 -0.323356 2.277257
-0.361282 0.176776 2.531878
-0.317731 -0.049493 2.493809
-0.348560 -0.236094 2.375511
-0.358950 -0.286784 2.335824
-0.604884 -0.253123 2.588756
-0.642452 -0.383564 2.259449
-0.609662 -0.789137 2.316255
-0.614296 -0.855548 2.231712
-0.453113 -0.249304 2.608562
-0.340833 -0.368284 2.290197
-0.360926 -0.761844 2.358055
-0.327785 -0.834087 2.275114
-0.533756 0.213444 2.511349
-0.609545 -0.394492 2.227784
-0.593043 -0.317010 2.314253
-0.394813 -0.364108 2.270073
-0.406751 -0.277479 2.344529
