-0.540438 -0.258294 2.619715
-0.535725 0.001675 2.521965
-0.530156 0.258131 2.418147
-0.531144 0.386141 2.384619
-0.670889 0.147604 2.404738
-0.687576 -0.083272 2.347686
-0.644798 -0.288551 2.276515
-0.636418 -0.357042 2.255895
-0.367758 0.165635 2.454420
-0.322805 -0.066200 2.415572
-0.336773 -0.278825 2.305605
-0.341105 -0.346791 2.269632
-0.607404 -0.256840 2.574119
-0.651285 -0.385745 2.245165
-0.613839 -0.783917 2.315897
-0.621796 -0.852144 2.233334
-0.459293 -0.252729 2.596269
-0.330401 -0.375221 2.286112
-0.360388 -0.764878 2.357538
-0.326318 -0.832024 2.274434
-0.532030 0.194835 2.446174
-0.618878 -0.434560 2.228405
-0.596721 -0.336203 2.290278
-0.344113 -0.419650 2.235178
-0.390062 -0.337111 2.258416
