-0.495820 -0.038090 2.488121
-0.487692 0.129877 2.252712
-0.472605 0.295133 2.008710
-0.503957 0.368958 1.915073
-0.637242 0.185987 2.095004
-0.635668 -0.028624 2.177879
-0.558180 -0.262867 2.214294
-0.551612 -0.336298 2.248730
-0.327843 0.250056 2.089888
-0.250389 0.048845 2.193688
-0.284934 -0.158222 2.240761
-0.311689 -0.232588 2.263380
-0.562648 -0.048724 2.445589
-0.556921 -0.422992 2.293914
-0.523979 -0.744471 2.450470
-0.541013 -0.811736 2.392869
-0.415160 -0.026376 2.461306
-0.345476 -0.414689 2.308592
-0.377776 -0.739278 2.471300
-0.351921 -0.800960 2.399815
-0.477272 0.254169 2.071141
-0.512188 -0.427564 2.255642
-0.517840 -0.291091 2.254322
-0.309355 -0.314952 2.267167
-0.347560 -0.197671 2.260632
