-0.372133 -0.049628 2.312230
-0.349903 0.166304 2.103480
-0.326492 0.370055 1.882186
-0.302230 0.459187 1.796746
-0.482896 0.294854 1.934429
-0.549388 0.076447 2.061528
-0.531389 -0.142715 2.131476
-0.525749 -0.211690 2.179000
-0.173118 0.294223 1.975775
-0.100757 0.096411 2.110330
-0.107053 -0.119263 2.134341
-0.129602 -0.179194 2.150908
-0.436431 -0.051479 2.269668
-0.526330 -0.399776 2.276372
-0.579584 -0.750619 2.393918
-0.583763 -0.828411 2.311790
-0.296617 -0.046357 2.285019
-0.238991 -0.383572 2.298658
-0.237736 -0.730556 2.405059
-0.204039 -0.812720 2.342068
-0.332784 0.320609 1.940093
-0.520716 -0.297414 2.210581
-0.493473 -0.165294 2.181842
-0.130424 -0.262469 2.163265
-0.167996 -0.184841 2.140000
