-0.482445 -0.268138 2.487992
-0.568643 -0.114851 2.373194
-0.650781 0.035689 2.250676
-0.764964 0.042596 2.188368
-0.680660 -0.124196 2.333877
-0.599618 -0.286699 2.300434
-0.574113 -0.408506 2.161782
-0.567699 -0.435758 2.169239
-0.534677 0.068081 2.241992
-0.360858 -0.100982 2.285030
-0.288352 -0.265808 2.253122
-0.305906 -0.319498 2.254493
-0.522576 -0.299891 2.475477
-0.578575 -0.438716 2.201651
-0.589443 -0.779807 2.111431
-0.610831 -0.797038 2.001699
-0.432652 -0.231523 2.452015
-0.330343 -0.412938 2.182755
-0.288706 -0.787650 2.094478
-0.256234 -0.829897 2.000903
-0.630862 -0.001528 2.282813
-0.563149 -0.467076 2.154496
-0.548628 -0.413110 2.152444
-0.275840 -0.374592 2.244786
-0.291498 -0.343131 2.287334
