0.018779 0.115331 2.413506
0.028464 0.376990 2.334266
0.033716 0.632800 2.240247
0.130746 0.720998 2.253712
-0.064642 0.509631 2.145316
-0.127660 0.340421 2.071819
0.008287 0.452933 2.024418
0.019069 0.506017 2.078175
0.114439 0.506623 2.400069
0.170159 0.311392 2.529210
0.239509 0.150459 2.650884
0.271985 0.078190 2.674807
-0.016989 0.111567 2.353509
-0.059576 -0.237841 2.448606
-0.087570 -0.667865 2.617562
-0.040128 -0.739714 2.572502
0.053328 0.115869 2.424443
0.086841 -0.202393 2.586074
0.144738 -0.583443 2.772371
0.204612 -0.625708 2.717039
0.032553 0.569389 2.265646
0.039899 0.531839 2.094959
0.033752 0.502729 2.081600
0.278526 0.035999 2.718510
0.299950 0.064204 2.637375
