-0.317326 -0.000446 2.171618
-0.358531 0.280232 2.091805
-0.399752 0.549280 2.001145
-0.490845 0.641202 1.966008
-0.511703 0.444698 2.106474
-0.579799 0.248127 2.298681
-0.761149 0.132538 2.287196
-0.778054 0.102960 2.252516
-0.246907 0.450706 1.937292
-0.135135 0.233313 1.910765
-0.157212 -0.043518 1.953201
-0.185759 -0.110936 1.987978
-0.372016 -0.001378 2.163495
-0.347397 -0.355672 2.302437
-0.299731 -0.724453 2.451599
-0.341924 -0.801960 2.411324
-0.253097 0.001563 2.110261
-0.150282 -0.360080 2.198414
-0.068430 -0.719876 2.380871
-0.105770 -0.811983 2.322573
-0.389849 0.483611 2.025828
-0.778404 0.023338 2.251660
-0.768547 0.021799 2.249333
-0.193611 -0.184243 2.019056
-0.145376 -0.095274 2.005875
