-0.220646 0.043920 2.287868
-0.211941 0.307168 2.202924
-0.201745 0.561090 2.106364
-0.235155 0.685903 2.021951
-0.370862 0.471999 2.190897
-0.431423 0.248030 2.333102
-0.479850 0.049135 2.394200
-0.484520 0.010589 2.395810
-0.047686 0.460503 2.090088
0.025001 0.211310 2.147490
0.037093 -0.013238 2.151674
0.032639 -0.096371 2.181627
-0.281452 0.043321 2.263451
-0.323560 -0.342025 2.340107
-0.300377 -0.718429 2.463187
-0.354803 -0.795680 2.415279
-0.152805 0.043112 2.242439
-0.123316 -0.331844 2.381135
-0.136928 -0.697433 2.523539
-0.130071 -0.784187 2.450617
-0.204521 0.498991 2.132608
-0.481809 -0.063563 2.425187
-0.461146 0.008035 2.365637
0.031537 -0.166117 2.196429
0.062771 -0.095273 2.174471
