0.060448 0.049838 2.148813
0.113086 0.330696 2.074251
0.164864 0.605184 1.993260
0.266137 0.715234 2.010198
0.072248 0.453484 1.889352
0.077784 0.180264 1.858701
0.168437 -0.017240 1.866716
0.195001 -0.070295 1.901751
0.254567 0.493749 2.132205
0.296622 0.258278 2.291264
0.384797 0.262624 2.501227
0.445559 0.236807 2.541266
0.022594 0.043401 2.094607
0.067378 -0.366697 2.181442
0.010332 -0.763355 2.316902
0.087223 -0.818392 2.285347
0.096246 0.056106 2.132754
0.218475 -0.244606 2.371505
0.289725 -0.651988 2.604086
0.381106 -0.711972 2.579785
0.151763 0.538135 2.015230
0.241634 -0.137548 1.949528
0.184656 -0.129765 1.922857
0.509852 0.201107 2.591260
0.446942 0.222089 2.505059
