0.088582 -0.043163 2.322902
0.178127 0.153320 2.117986
0.264662 0.353426 1.908405
0.341448 0.434241 1.849774
0.159185 0.262258 1.898617
0.179896 -0.019450 1.939713
0.271727 -0.199296 2.005135
0.323815 -0.290582 2.087718
0.355667 0.255167 2.077161
0.334628 0.032191 2.202376
0.370412 -0.181326 2.180192
0.356472 -0.247052 2.142109
0.029127 -0.020971 2.258221
0.062858 -0.393276 2.277466
0.079027 -0.743691 2.387448
0.103299 -0.816566 2.333966
0.145259 -0.063321 2.317772
0.183177 -0.363371 2.549062
0.123527 -0.705684 2.505350
0.220192 -0.734865 2.531134
0.242701 0.304919 1.963200
0.367531 -0.355150 2.107668
0.355443 -0.220010 2.134750
0.383974 -0.328097 2.128968
0.382917 -0.321364 2.123333
