-0.527586 -0.290904 2.627282
-0.533041 -0.025555 2.598612
-0.537469 0.232900 2.559266
-0.556182 0.357845 2.504324
-0.679344 0.117844 2.541916
-0.680145 -0.096801 2.452782
-0.631673 -0.284174 2.344459
-0.610137 -0.350902 2.312951
-0.373549 0.160569 2.591202
-0.330775 -0.078366 2.522306
-0.348187 -0.252728 2.385039
-0.355664 -0.324039 2.344121
-0.599003 -0.291278 2.583894
-0.630469 -0.428042 2.261683
-0.642551 -0.760471 2.034927
-0.638692 -0.775466 1.886368
-0.442250 -0.283111 2.602402
-0.334998 -0.434546 2.283144
-0.271957 -0.790555 2.065587
-0.241826 -0.820133 1.945991
-0.536770 0.169158 2.571289
-0.589047 -0.423801 2.253334
-0.666266 -0.350821 2.288380
-0.351737 -0.393603 2.283828
-0.405874 -0.310251 2.348250
