0.003286 -0.052875 2.378016
-0.055026 0.161278 2.160518
-0.115136 0.370642 1.931912
-0.208276 0.362340 1.823666
-0.255216 0.171145 1.992312
-0.182129 0.008637 2.104504
0.002743 -0.112200 2.189386
0.083987 -0.141880 2.235834
0.015755 0.343824 1.965500
0.179329 0.319379 2.110542
0.193206 0.141610 2.225715
0.172011 0.125899 2.227383
-0.057364 -0.074695 2.332315
-0.101470 -0.389676 2.389986
-0.074449 -0.725712 2.464584
-0.046107 -0.780414 2.344198
0.064601 -0.029228 2.352221
0.153035 -0.410740 2.498678
0.167305 -0.741120 2.593818
0.227823 -0.757034 2.513041
-0.100106 0.319350 1.991125
0.128703 -0.249570 2.249222
0.063629 -0.115297 2.293143
0.170671 0.025770 2.229088
0.108537 0.157836 2.264125
