0.063902 0.012958 2.483749
0.140294 0.333405 2.374111
0.205422 0.618171 2.254059
0.316369 0.714923 2.269205
0.094775 0.475913 2.189038
0.168505 0.231739 2.196984
0.286397 0.094934 2.306150
0.356503 0.082986 2.410877
0.255691 0.424072 2.372810
0.195108 0.131722 2.341435
0.369499 0.063198 2.437808
0.382723 0.066779 2.445218
0.009940 0.021021 2.408049
0.003061 -0.355898 2.409478
-0.054517 -0.712092 2.475929
-0.033559 -0.795119 2.389260
0.115984 0.004537 2.488870
0.135911 -0.280594 2.668238
0.043358 -0.660775 2.674330
0.119757 -0.715839 2.692370
0.190700 0.549546 2.285130
0.397450 0.057759 2.456739
0.349185 0.052931 2.422200
0.410329 0.051154 2.482733
0.390222 0.091399 2.411364
