-0.321105 -0.012453 2.275574
-0.351822 0.271766 2.181925
-0.375535 0.545793 2.074038
-0.453191 0.644049 2.002594
-0.527381 0.431857 2.217055
-0.610305 0.279375 2.333131
-0.778355 0.162126 2.253473
-0.804710 0.151535 2.240329
-0.229465 0.456869 2.049392
-0.100592 0.260323 2.068096
-0.107750 -0.024843 2.102761
-0.118534 -0.084662 2.126281
-0.377614 -0.020342 2.266890
-0.355472 -0.357015 2.363856
-0.291125 -0.717641 2.480480
-0.345806 -0.791353 2.445854
-0.253605 -0.004919 2.215472
-0.211406 -0.395957 2.337580
-0.201703 -0.724059 2.492874
-0.209917 -0.790973 2.429514
-0.370277 0.478765 2.103200
-0.860307 0.128001 2.232661
-0.772400 0.131196 2.218333
-0.133820 -0.167187 2.151953
-0.152207 -0.038848 2.135063
