-0.077224 -0.004418 2.194533
-0.053439 0.276506 2.095327
-0.030837 0.547247 1.983781
0.050525 0.642433 1.923635
-0.160887 0.449773 1.940980
-0.266874 0.235766 1.939763
-0.247059 -0.014544 1.944731
-0.230714 -0.070396 1.984869
0.099534 0.431133 2.115797
0.124146 0.210290 2.261095
0.172311 0.005809 2.309379
0.180189 -0.022804 2.301150
-0.139459 -0.008666 2.125841
-0.271851 -0.371660 2.192295
-0.401830 -0.751826 2.343979
-0.415317 -0.820027 2.265499
-0.012632 -0.000242 2.192944
-0.031004 -0.326660 2.309943
-0.047402 -0.704647 2.426210
0.006628 -0.788160 2.402467
-0.036413 0.481139 2.013861
-0.212913 -0.158347 1.986657
-0.187828 -0.037033 2.034549
0.193785 -0.091987 2.312040
0.163187 -0.069605 2.321555
