-0.513916 -0.265846 2.672777
-0.561403 -0.054669 2.492686
-0.603699 0.152097 2.300687
-0.701019 0.210337 2.208058
-0.718669 -0.008137 2.336682
-0.656147 -0.216981 2.291913
-0.565158 -0.402769 2.212685
-0.569676 -0.439116 2.208722
-0.461410 0.122973 2.324206
-0.297173 -0.035486 2.364824
-0.264428 -0.267309 2.283359
-0.268685 -0.338352 2.253902
-0.576301 -0.291068 2.630818
-0.589013 -0.406988 2.240879
-0.548967 -0.810047 2.248379
-0.546902 -0.876832 2.153919
-0.438108 -0.233664 2.645954
-0.263298 -0.352240 2.280757
-0.235633 -0.768141 2.327506
-0.191938 -0.834844 2.247039
-0.593943 0.101087 2.350901
-0.560346 -0.503490 2.203436
-0.524772 -0.410282 2.236691
-0.260903 -0.416945 2.230582
-0.313701 -0.333366 2.258778
