0.347648 0.019563 2.111228
0.354047 0.284459 2.032501
0.357882 0.539626 1.942227
0.363118 0.661106 1.846276
0.185037 0.456860 1.970021
0.113528 0.236338 2.041291
0.096429 0.019886 2.000250
0.096185 -0.026291 1.996651
0.518130 0.431747 1.939236
0.622613 0.242587 1.881716
0.554955 0.398991 1.735979
0.549894 0.408590 1.732039
0.274405 0.020825 2.079758
0.234604 -0.330190 2.227793
0.238337 -0.684748 2.479752
0.171781 -0.768150 2.454203
0.409340 0.017652 2.073008
0.472053 -0.343217 2.160949
0.507361 -0.715393 2.268043
0.551628 -0.806087 2.233227
0.357364 0.477280 1.966864
0.114351 -0.102822 1.991532
0.070933 -0.051201 1.993572
0.515390 0.451465 1.660942
0.554539 0.404372 1.667556
