0.148936 0.020960 2.202551
0.140204 0.295042 2.122378
0.126738 0.560825 2.030737
0.083559 0.671574 1.964715
0.004753 0.471557 2.145306
-0.045698 0.262369 2.306327
-0.081736 0.082373 2.412450
-0.095975 0.011216 2.465438
0.217137 0.408078 1.993266
0.314633 0.379121 1.785606
0.179669 0.543729 1.817670
0.132731 0.638511 1.843489
0.089356 0.022574 2.198683
0.136286 -0.359007 2.343438
0.239937 -0.708000 2.503053
0.174897 -0.772932 2.462749
0.203102 0.018638 2.135769
0.286948 -0.394417 2.143362
0.359179 -0.778469 2.242213
0.342341 -0.845667 2.157986
0.130212 0.495777 2.055798
-0.084567 -0.055308 2.508802
-0.098499 0.001195 2.426862
0.093004 0.698281 1.842508
0.077053 0.660307 1.844600
