0.028353 0.026385 2.400553
0.088160 0.358867 2.289985
0.146477 0.678718 2.162880
0.273796 0.761735 2.183750
0.055232 0.525629 2.077742
0.094932 0.250741 2.083802
0.272601 0.179719 2.279484
0.303552 0.199864 2.346786
0.234057 0.604008 2.329792
0.259087 0.299251 2.379305
0.207880 0.178851 2.182549
0.150574 0.165494 2.161179
-0.013890 0.014361 2.314847
0.111081 -0.369595 2.449169
0.075730 -0.712732 2.558787
0.154706 -0.771817 2.521661
0.068396 0.035847 2.410751
0.272889 -0.309928 2.635724
0.192334 -0.679932 2.685460
0.266152 -0.733071 2.688962
0.132179 0.600504 2.196921
0.348392 0.190671 2.387026
0.313307 0.164504 2.342792
0.113597 0.196393 2.078777
0.119083 0.111171 2.181486
