0.165059 -0.004961 2.378613
0.158852 0.340570 2.282248
0.151806 0.675360 2.172925
0.281369 0.751860 2.189585
0.062293 0.525682 2.089215
0.116500 0.224674 2.082175
0.265590 0.075664 2.221632
0.279024 0.048099 2.268058
0.239359 0.600683 2.339819
0.312192 0.316383 2.428862
0.357543 0.536838 2.417618
0.366580 0.561519 2.411186
0.122321 -0.014804 2.290502
0.123034 -0.360890 2.433148
0.073324 -0.714053 2.559224
0.154842 -0.770143 2.523445
0.202780 0.006673 2.392234
0.295033 -0.335450 2.674750
0.312550 -0.671459 2.742167
0.386997 -0.706336 2.763100
0.153648 0.593388 2.202547
0.341755 0.017319 2.321531
0.224513 -0.008894 2.295286
0.384044 0.590309 2.391709
0.393568 0.571454 2.360750
