-0.049957 -0.009200 2.154861
-0.081157 0.288789 2.036096
-0.106839 0.576637 1.908059
-0.135112 0.673425 1.817038
-0.270491 0.459033 1.998167
-0.319198 0.236171 2.022319
-0.241690 0.140776 1.820493
-0.199545 0.129432 1.775428
0.041912 0.479515 1.923830
0.133672 0.266376 1.892960
-0.034527 0.155441 1.753130
-0.087674 0.138621 1.718010
-0.120704 -0.011733 2.134403
-0.126961 -0.384804 2.276924
-0.101219 -0.751252 2.378966
-0.147681 -0.825596 2.303750
0.022480 -0.006016 2.100744
0.095106 -0.380784 2.244470
0.136852 -0.745253 2.368625
0.155565 -0.824893 2.284070
-0.100806 0.506375 1.942002
-0.141142 0.100120 1.704365
-0.144498 0.167101 1.790600
-0.159380 0.111678 1.707314
-0.141486 0.163318 1.778857
