-0.032801 0.004397 2.114281
-0.045267 0.303946 2.047731
-0.059504 0.590320 1.968764
-0.105078 0.716636 1.880661
-0.229207 0.501042 2.040274
-0.310815 0.253855 1.983139
-0.181224 0.237347 1.746609
-0.127927 0.255304 1.733472
0.091027 0.500493 1.954962
0.189277 0.301793 1.870095
-0.005257 0.237314 1.757613
-0.094131 0.253524 1.738402
-0.106378 0.004308 2.090514
-0.115084 -0.379221 2.216695
-0.103665 -0.745698 2.369268
-0.146915 -0.825000 2.302072
0.040738 0.005453 2.064551
0.111344 -0.377444 2.202222
0.135976 -0.747291 2.365226
0.155746 -0.828991 2.285152
-0.055907 0.520567 1.990823
-0.067767 0.263673 1.721106
-0.058240 0.241525 1.724000
-0.176279 0.225775 1.712958
-0.090062 0.282395 1.712296
