0.030016 -0.008626 2.095302
0.019935 0.307851 2.032826
0.009677 0.612008 1.957563
0.004290 0.756778 1.902307
-0.160214 0.488631 1.979324
-0.202476 0.233931 2.006556
-0.181534 0.007383 2.017961
-0.168732 -0.058842 2.034372
0.180105 0.482297 1.963933
0.239439 0.229730 1.998042
0.245691 0.003175 2.015378
0.225770 -0.057201 2.024849
-0.048012 -0.011224 2.061372
-0.064817 -0.392190 2.207557
-0.057248 -0.752196 2.361450
-0.088067 -0.834243 2.288607
0.106947 -0.005742 2.055242
0.152038 -0.360516 2.204174
0.150822 -0.745360 2.362487
0.157479 -0.832879 2.291013
0.012256 0.537754 1.978566
-0.165397 -0.144598 2.043307
-0.118541 -0.065684 2.027182
0.226917 -0.143182 2.038893
0.181874 -0.046191 2.006974
