0.526042 0.047126 2.321696
0.670816 0.346608 2.254839
0.805946 0.636400 2.176016
0.950677 0.702739 2.180494
0.648700 0.489933 2.095543
0.820457 0.233056 2.104113
0.995507 0.109484 2.180885
1.053902 0.067438 2.206049
0.868336 0.418375 2.351602
0.887677 0.175008 2.145027
1.091428 0.034138 2.220322
1.106848 0.034816 2.222692
0.467116 0.055210 2.267403
0.396890 -0.412661 2.309980
0.382573 -0.756726 2.358060
0.439886 -0.821520 2.303875
0.568763 0.037348 2.304693
0.501184 -0.442534 2.323308
0.560989 -0.669769 2.566413
0.633603 -0.752043 2.532141
0.773588 0.565401 2.197780
1.124716 0.063132 2.227880
1.039578 0.112344 2.183385
1.121434 0.051770 2.230891
1.092237 0.029236 2.202222
