-0.380379 0.108471 2.430788
-0.402964 0.459453 2.367680
-0.424381 0.796690 2.289849
-0.416585 0.948224 2.290042
-0.556441 0.640456 2.323076
-0.701895 0.792683 2.521772
-0.741817 0.981925 2.695129
-0.736068 1.014367 2.741393
-0.288552 0.620578 2.283209
-0.177985 0.411089 2.339322
-0.344057 0.633716 2.452701
-0.440211 0.635601 2.480179
-0.445599 0.104352 2.402580
-0.467158 -0.361424 2.419467
-0.462834 -0.761197 2.453277
-0.423550 -0.846755 2.394883
-0.303951 0.109141 2.386724
-0.225445 -0.336592 2.521624
-0.194702 -0.671657 2.623289
-0.191727 -0.763760 2.561867
-0.419443 0.714362 2.311669
-0.765725 1.043809 2.753650
-0.702786 0.981567 2.774637
-0.456576 0.716310 2.540110
-0.404297 0.611871 2.456494
