-0.201396 -0.088294 2.308472
-0.313074 0.275394 2.210067
-0.426879 0.621052 2.103044
-0.543149 0.727473 2.117160
-0.520532 0.432855 2.291681
-0.672669 0.246389 2.304737
-0.813874 0.083854 2.209790
-0.873773 0.056642 2.281420
-0.284363 0.464047 2.013026
-0.486781 0.253473 1.997473
-0.668213 0.117339 2.101188
-0.729025 0.112427 2.131650
-0.242397 -0.104133 2.293225
-0.216328 -0.449492 2.437250
-0.236378 -0.790552 2.482094
-0.334257 -0.804527 2.433078
-0.153810 -0.068935 2.251343
-0.005302 -0.463054 2.247563
0.084356 -0.785935 2.322573
0.079752 -0.858502 2.225458
-0.398764 0.536907 2.131563
-0.957321 0.015783 2.266394
-0.820778 0.076533 2.164000
-0.821171 0.079811 2.173865
-0.739536 0.138279 2.114600
