-0.209489 -0.039849 2.243183
-0.290932 0.320671 2.176330
-0.366694 0.667895 2.097474
-0.473304 0.783339 2.109087
-0.460564 0.479483 2.286447
-0.518286 0.177987 2.325593
-0.592316 0.064572 2.133031
-0.610961 0.042394 2.149698
-0.287929 0.493874 2.003969
-0.393052 0.216112 1.981156
-0.524029 0.066778 2.078101
-0.593166 0.046319 2.137651
-0.251460 -0.046923 2.254093
-0.247164 -0.412731 2.443800
-0.230814 -0.755771 2.480006
-0.316809 -0.799668 2.433059
-0.156849 -0.031884 2.160065
-0.104950 -0.403348 2.277496
0.040788 -0.764161 2.357490
0.018399 -0.839874 2.268042
-0.348378 0.582901 2.119363
-0.652997 0.005366 2.169884
-0.611231 0.056247 2.121214
-0.662819 0.002090 2.175648
-0.637119 -0.005363 2.142750
