0.048855 0.009454 2.152205
0.038969 0.323271 2.087012
0.028551 0.625112 2.009633
0.019983 0.767954 1.950211
-0.142822 0.506782 2.036043
-0.185976 0.253382 2.071658
-0.167205 0.026450 2.086527
-0.142499 -0.048657 2.110009
0.192994 0.492538 2.006048
0.249560 0.233742 2.046781
0.264082 0.008049 2.070702
0.245819 -0.046691 2.086513
-0.028291 0.008618 2.123380
-0.046351 -0.364018 2.261535
-0.042725 -0.738060 2.409968
-0.078939 -0.816963 2.334244
0.124287 0.009997 2.107418
0.185292 -0.344072 2.259304
0.205958 -0.724524 2.418121
0.227672 -0.810471 2.349190
0.031210 0.551398 2.031124
-0.133411 -0.129165 2.127905
-0.186242 -0.051626 2.097864
0.251429 -0.132050 2.104710
0.205876 -0.076207 2.084300
