-0.023309 -0.030702 2.194507
-0.121991 0.240585 2.050556
-0.200009 0.520849 1.898734
-0.271312 0.635955 1.809762
-0.349463 0.379094 1.978306
-0.485083 0.161986 2.029476
-0.627646 -0.014095 2.022195
-0.674800 -0.067748 2.037272
-0.047082 0.438559 1.906612
0.136226 0.232773 2.014265
0.205009 0.032056 2.093821
0.189140 -0.005657 2.117232
-0.095667 -0.050450 2.173518
-0.085517 -0.398102 2.319974
-0.044138 -0.745515 2.416879
-0.086071 -0.820471 2.338844
0.048071 -0.008774 2.140446
0.108342 -0.370532 2.293963
0.177001 -0.716790 2.394170
0.198899 -0.806693 2.339681
-0.182721 0.451652 1.938020
-0.724296 -0.141776 2.050277
-0.723218 -0.075713 1.993945
0.201921 -0.069260 2.132406
0.149641 0.009189 2.094764
