0.004817 0.015253 2.163496
-0.002582 0.329865 2.101284
-0.009521 0.632149 2.026244
-0.012640 0.777121 1.972381
-0.181144 0.510081 2.047515
-0.220308 0.257479 2.082038
-0.207821 0.030091 2.095987
-0.189927 -0.025440 2.110169
0.159757 0.501573 2.040568
0.210435 0.244179 2.078258
0.215576 0.016379 2.089547
0.198164 -0.035724 2.097072
-0.072904 0.012636 2.129373
-0.096296 -0.367261 2.283876
-0.085661 -0.729776 2.430993
-0.118608 -0.810159 2.356066
0.082383 0.017309 2.123632
0.125467 -0.346473 2.276194
0.133149 -0.720414 2.416562
0.150505 -0.811392 2.361757
-0.007839 0.558334 2.047182
-0.185965 -0.112996 2.121731
-0.230054 -0.021859 2.099944
0.205060 -0.114616 2.101881
0.154901 -0.067738 2.085000
