-0.029006 0.008732 2.183038
-0.042208 0.313540 2.091065
-0.050654 0.608150 1.989879
-0.056197 0.747994 1.920127
-0.223276 0.498965 2.036858
-0.305542 0.236327 2.128063
-0.333823 0.016533 2.172110
-0.337405 -0.047499 2.185395
0.108429 0.485726 1.993901
0.173419 0.237993 2.057801
0.188425 0.016840 2.102881
0.172192 -0.047778 2.110113
-0.105342 0.006900 2.153945
-0.117311 -0.356918 2.293156
-0.092073 -0.729614 2.437642
-0.119030 -0.810333 2.359115
0.048395 0.010440 2.138018
0.110400 -0.362143 2.290030
0.143143 -0.725995 2.432232
0.162010 -0.809219 2.354808
-0.048736 0.536175 2.017099
-0.334422 -0.107976 2.202134
-0.305130 -0.014875 2.163300
0.167443 -0.137319 2.137100
0.127989 -0.040473 2.081100
