0.477047 -0.004901 2.309808
0.624805 0.310623 2.236396
0.765820 0.615374 2.151556
0.884236 0.717335 2.148199
0.587654 0.461762 2.084821
0.790967 0.252870 2.094664
1.035564 0.164337 2.237318
1.111248 0.141891 2.280905
0.871943 0.525082 2.313531
0.874487 0.230784 2.196253
1.066526 0.143210 2.256019
1.115027 0.138811 2.283192
0.411466 0.008884 2.235578
0.422613 -0.338352 2.283818
0.468174 -0.735317 2.422273
0.496125 -0.819833 2.358809
0.528414 -0.018356 2.312794
0.415905 -0.430342 2.320008
0.548865 -0.714127 2.539959
0.627809 -0.759048 2.531361
0.732154 0.540267 2.174879
1.182781 0.101595 2.309650
1.103719 0.180700 2.252261
1.185765 0.101272 2.309880
1.082662 0.109265 2.272908
