0.004746 -0.008753 2.085038
-0.013499 0.307828 2.024552
-0.031520 0.611948 1.950229
-0.042795 0.758687 1.899187
-0.200136 0.481481 1.970759
-0.235808 0.207181 2.014163
-0.212608 -0.018939 2.027034
-0.197080 -0.056080 2.031157
0.137772 0.483610 1.953182
0.209016 0.225069 1.988966
0.230344 0.000745 2.014894
0.213824 -0.072518 2.022134
-0.072756 -0.013201 2.053730
-0.063140 -0.387694 2.203647
-0.013927 -0.757589 2.349507
-0.043702 -0.838831 2.273962
0.082109 -0.004010 2.042362
0.123396 -0.384053 2.185098
0.131823 -0.759660 2.330159
0.159557 -0.837580 2.247938
-0.027098 0.537745 1.971160
-0.186987 -0.147004 2.043248
-0.155195 -0.059937 2.037720
0.220433 -0.140836 2.029394
0.170562 -0.067861 2.002447
