0.020809 -0.011691 2.075162
0.005409 0.302912 2.011175
-0.009343 0.605092 1.934391
-0.018110 0.751335 1.879408
-0.178552 0.480111 1.953573
-0.216047 0.206152 1.995111
-0.194236 -0.019554 2.012595
-0.180777 -0.056978 2.022689
0.159118 0.478179 1.941504
0.226805 0.218934 1.979920
0.240459 -0.005383 2.009291
0.225886 -0.067512 2.018377
-0.057283 -0.014907 2.042738
-0.053659 -0.388650 2.196433
-0.009294 -0.751843 2.350296
-0.038457 -0.834880 2.278260
0.098263 -0.008104 2.033583
0.133308 -0.380217 2.183179
0.135459 -0.757127 2.330683
0.164018 -0.838748 2.256633
-0.005733 0.531344 1.955764
-0.172454 -0.146564 2.033797
-0.130855 -0.035046 1.999500
0.236373 -0.141079 2.025660
0.179841 -0.078244 1.997373
