-0.284914 0.149664 2.648680
-0.292163 0.462659 2.558172
-0.297573 0.766481 2.457864
-0.295141 0.903015 2.445906
-0.448862 0.656896 2.460142
-0.640369 0.794823 2.605237
-0.765695 0.954313 2.666945
-0.786771 0.998126 2.716994
-0.193315 0.634092 2.441457
-0.126903 0.466184 2.612705
-0.361888 0.644935 2.626966
-0.401629 0.696694 2.677927
-0.356233 0.150346 2.613204
-0.286693 -0.321128 2.616910
-0.112307 -0.669558 2.751644
-0.174562 -0.720129 2.647552
-0.205967 0.145077 2.613031
-0.208662 -0.324710 2.659566
-0.222343 -0.717259 2.641858
-0.226888 -0.774812 2.528807
-0.296604 0.691989 2.484937
-0.841207 1.025356 2.776251
-0.782173 1.021818 2.697167
-0.444779 0.768849 2.718398
-0.371344 0.698434 2.656921
