-0.512536 -0.042478 2.113092
-0.527741 0.246182 2.033941
-0.538212 0.525091 1.943502
-0.537595 0.631671 1.862160
-0.711563 0.435396 2.008508
-0.780264 0.221208 2.014261
-0.600409 0.221821 1.809095
-0.590919 0.198813 1.779885
-0.372776 0.428560 1.968733
-0.388483 0.202816 1.924270
-0.573581 0.173717 1.799016
-0.610079 0.192118 1.768793
-0.579273 -0.047623 2.083025
-0.562287 -0.392549 2.191449
-0.530622 -0.757833 2.358652
-0.594274 -0.839223 2.314476
-0.428114 -0.035783 2.072646
-0.352251 -0.406934 2.162259
-0.252133 -0.756091 2.298077
-0.181561 -0.806821 2.263241
-0.536324 0.456872 1.968155
-0.559512 0.173969 1.748197
-0.548722 0.214028 1.792539
-0.653520 0.208731 1.784587
-0.584539 0.158912 1.727690
