-0.316719 -0.045911 2.064472
-0.347329 0.243698 2.006068
-0.374537 0.522608 1.935644
-0.335873 0.654429 1.870433
-0.510517 0.412514 1.902272
-0.535228 0.162445 1.879075
-0.290983 0.224958 1.788579
-0.239031 0.246398 1.749409
-0.199274 0.444135 2.012213
-0.129350 0.229074 2.006303
-0.203689 0.248305 1.789721
-0.224340 0.251821 1.738832
-0.383632 -0.053260 2.004624
-0.422775 -0.415197 2.058775
-0.526515 -0.742058 2.303738
-0.589692 -0.827368 2.282459
-0.238919 -0.036974 2.053225
-0.236325 -0.398360 2.169694
-0.254923 -0.751465 2.310770
-0.180918 -0.819325 2.276315
-0.368282 0.454428 1.955352
-0.201961 0.273277 1.719031
-0.191288 0.260158 1.736571
-0.245848 0.257187 1.696248
-0.252292 0.218995 1.763530
