-0.006369 0.003630 2.221581
-0.032004 0.315182 2.142638
-0.051895 0.616632 2.053586
0.049126 0.722330 2.090864
-0.086738 0.453513 1.950981
0.019886 0.223866 1.902904
0.146788 0.213679 2.069813
0.154766 0.229608 2.160570
0.052903 0.538563 2.216843
0.086417 0.309676 2.225869
0.242116 0.171292 2.139437
0.294189 0.125681 2.114477
-0.041346 -0.004182 2.146983
-0.006580 -0.365897 2.323678
-0.080429 -0.737056 2.433330
0.014080 -0.776694 2.442112
0.029024 0.011151 2.223835
0.002214 -0.384826 2.353240
0.074215 -0.642226 2.676202
0.048369 -0.710131 2.553386
-0.048133 0.542659 2.077759
0.178061 0.230454 2.185346
0.177094 0.243772 2.167500
0.289913 0.126394 2.097027
0.290151 0.125276 2.091247
