0.126501 0.005762 2.346096
0.137884 0.329091 2.279408
0.151155 0.641845 2.201225
0.262532 0.739808 2.242876
0.074304 0.484560 2.089194
0.107563 0.240476 2.036143
0.256832 0.229861 2.219610
0.279227 0.205494 2.275463
0.254978 0.563976 2.364241
0.247420 0.324702 2.164965
0.328356 0.275715 2.350715
0.355755 0.259993 2.416494
0.081390 0.009334 2.288744
0.064568 -0.333803 2.375752
-0.065038 -0.707221 2.437089
0.017981 -0.774333 2.443949
0.168225 0.002153 2.333388
0.182571 -0.379356 2.593516
0.158870 -0.684291 2.669495
0.102441 -0.741466 2.552019
0.147847 0.565228 2.222885
0.301826 0.189622 2.298961
0.290393 0.229417 2.252611
0.351098 0.267229 2.422639
0.349041 0.265728 2.409144
