0.157990 -0.067599 2.007705
0.143165 0.224353 1.901083
0.128869 0.506447 1.781584
0.193988 0.631116 1.736927
-0.007725 0.383072 1.751065
-0.095465 0.128892 1.768961
-0.075798 -0.096294 1.792166
-0.065052 -0.169617 1.799987
0.295691 0.424775 1.928518
0.393270 0.224810 2.020931
0.524563 0.049724 1.980103
0.580535 -0.010419 1.971185
0.087231 -0.075360 1.941191
0.032261 -0.436807 2.106708
-0.014301 -0.776014 2.244951
-0.028672 -0.852591 2.170590
0.223137 -0.057586 2.002694
0.360854 -0.426537 2.126688
0.491420 -0.761901 2.227707
0.585657 -0.800192 2.195106
0.132486 0.437525 1.813635
-0.057258 -0.234487 1.808981
-0.025727 -0.164383 1.805429
0.621785 -0.066408 1.973076
0.620203 -0.034409 1.978000
