-0.468174 -0.086819 2.025101
-0.500600 0.206193 1.958666
-0.530883 0.488455 1.880057
-0.583653 0.595653 1.783921
-0.702474 0.367289 1.927303
-0.746668 0.112250 1.978215
-0.806796 -0.112122 1.875765
-0.834482 -0.176031 1.859445
-0.371589 0.413937 1.898336
-0.221594 0.214658 2.005790
-0.123160 0.004767 2.039118
-0.097806 -0.067219 2.062515
-0.539596 -0.095324 1.995797
-0.494597 -0.438742 2.146300
-0.461246 -0.785786 2.253435
-0.487338 -0.869294 2.190782
-0.381238 -0.074625 1.985323
-0.239522 -0.477439 2.058162
-0.110553 -0.795878 2.106671
-0.114228 -0.848896 1.993318
-0.524115 0.419474 1.901912
-0.829490 -0.233616 1.773887
-0.885186 -0.180576 1.840429
-0.064426 -0.130727 2.081472
-0.060762 -0.078913 2.042313
