0.507201 -0.095014 1.916571
0.476454 0.225565 1.801327
0.447606 0.534282 1.676465
0.521572 0.645993 1.646167
0.367749 0.368660 1.597198
0.383222 0.103245 1.577733
0.467873 -0.097345 1.604774
0.501341 -0.166073 1.611150
0.539678 0.437329 1.831001
0.547288 0.188710 1.967831
0.709081 0.010911 1.988153
0.747519 -0.020853 1.980263
0.460711 -0.091123 1.851106
0.397480 -0.440149 1.953621
0.327870 -0.796865 2.132019
0.422377 -0.848511 2.117528
0.535329 -0.098096 1.910639
0.571148 -0.461700 2.017624
0.598120 -0.803225 2.130282
0.695600 -0.843032 2.115812
0.455176 0.459022 1.709177
0.554498 -0.230588 1.649336
0.539843 -0.187868 1.583540
0.817765 -0.101383 2.017154
0.734181 -0.043606 2.000625
