0.179734 -0.036800 2.380526
0.139178 0.182934 2.152448
0.095922 0.402104 1.916004
0.031367 0.482065 1.847531
-0.023335 0.280509 2.030848
-0.004224 0.072556 2.112969
0.129459 -0.158581 2.099896
0.175584 -0.224605 2.093095
0.266321 0.376308 1.994887
0.418871 0.252229 2.090206
0.343113 0.047382 2.123655
0.277175 -0.013442 2.135631
0.099272 -0.042193 2.333349
0.118353 -0.390229 2.200872
0.080780 -0.817224 2.236269
0.070834 -0.843947 2.089882
0.255123 -0.030738 2.356448
0.254518 -0.399080 2.365829
0.224572 -0.722091 2.522802
0.265255 -0.781538 2.454238
0.107161 0.348661 1.977163
0.187309 -0.288992 2.093849
0.203464 -0.203505 2.090118
0.249672 -0.085714 2.129891
0.260311 -0.003381 2.092683
