0.599881 0.021744 2.357598
0.681654 0.348614 2.272642
0.760160 0.660066 2.177755
0.870415 0.755283 2.167201
0.657747 0.497403 2.097951
0.809717 0.268088 2.099163
0.970603 0.188595 2.310371
1.017470 0.141671 2.338509
0.867948 0.565135 2.325237
0.950754 0.276035 2.335544
1.004079 0.242805 2.533181
1.023335 0.232172 2.602681
0.545606 0.021045 2.276243
0.636461 -0.369052 2.304341
0.587201 -0.738365 2.338814
0.674290 -0.797202 2.316213
0.636932 0.021625 2.371271
0.599918 -0.362592 2.504878
0.540536 -0.705620 2.711232
0.607035 -0.730952 2.588922
0.741142 0.583790 2.202879
1.062162 0.090659 2.341034
1.026798 0.189910 2.313150
1.043629 0.194598 2.622026
1.058863 0.257460 2.589855
