0.621450 0.037666 2.345780
0.697132 0.346866 2.241793
0.764299 0.645457 2.125781
0.862689 0.748432 2.107966
0.693098 0.481517 2.065427
0.834293 0.283065 2.095371
0.965331 0.167998 2.214816
0.959489 0.139151 2.271214
0.872031 0.550470 2.273283
0.913120 0.251537 2.232353
1.039698 0.089424 2.350702
1.055434 0.101766 2.352690
0.569367 0.036484 2.277132
0.655638 -0.368547 2.296224
0.585859 -0.740345 2.339015
0.675320 -0.796232 2.314762
0.654912 0.037915 2.345230
0.607476 -0.358078 2.486514
0.544581 -0.714176 2.707420
0.609903 -0.737169 2.583424
0.748642 0.572359 2.156898
0.997712 0.108427 2.331686
0.985271 0.156220 2.253798
1.080778 0.067720 2.368442
1.067806 0.126275 2.320000
