-0.373138 -0.093213 2.008148
-0.412026 0.209678 1.938050
-0.446508 0.501519 1.856493
-0.529199 0.598057 1.798501
-0.605130 0.393515 2.035787
-0.736080 0.219576 2.068174
-0.901092 0.074022 2.008458
-0.963373 0.030002 1.983822
-0.313783 0.370488 1.792795
-0.280290 0.121770 1.761972
-0.429867 -0.047521 1.774356
-0.504895 -0.082434 1.784950
-0.425875 -0.102229 2.025002
-0.548287 -0.462011 2.215264
-0.609315 -0.784759 2.331864
-0.689387 -0.848262 2.269777
-0.309413 -0.081924 1.919269
-0.319745 -0.445025 2.063619
-0.231000 -0.801121 2.200031
-0.313072 -0.863737 2.155550
-0.438717 0.430151 1.878974
-1.011383 -0.024312 1.964102
-0.993658 0.048434 1.970437
-0.556959 -0.143586 1.796233
-0.526551 -0.040017 1.783571
