0.009636 -0.116318 2.359819
0.192574 0.046566 2.267802
0.366654 0.207693 2.159600
0.495387 0.188361 2.150094
0.181893 0.209736 2.093358
0.154289 -0.050917 2.042420
0.238969 -0.241816 2.099823
0.262106 -0.245694 2.116982
0.320217 0.217551 2.132880
0.522931 0.171023 2.043671
0.226377 0.115985 2.047277
0.157055 0.126777 2.019105
-0.058019 -0.116080 2.242637
0.055091 -0.429747 2.336357
0.015343 -0.748872 2.405320
0.101511 -0.798152 2.352167
0.076637 -0.113063 2.403967
0.402647 -0.245506 2.437138
0.292010 -0.624026 2.600437
0.292394 -0.684879 2.664758
0.324800 0.167788 2.190106
0.282564 -0.295169 2.153651
0.307456 -0.225616 2.104393
0.097828 0.096624 2.099104
0.140336 0.177741 2.003826
