-0.065692 -0.070866 2.378675
0.184827 0.127203 2.349707
0.433201 0.318617 2.300664
0.560192 0.342420 2.284431
0.249803 0.297474 2.233038
0.430278 0.064281 2.274402
0.618171 -0.090662 2.430882
0.641562 -0.109798 2.464452
0.362227 0.217178 2.208493
0.495915 -0.004313 2.340851
0.693784 -0.147908 2.486140
0.722632 -0.146190 2.473671
-0.126516 -0.014907 2.313097
0.128713 -0.370242 2.394296
0.030813 -0.749456 2.414971
0.101582 -0.801232 2.355620
-0.002006 -0.127112 2.371594
0.280877 -0.290379 2.571906
0.140334 -0.698657 2.579940
0.109921 -0.750168 2.446690
0.371625 0.270583 2.314520
0.721648 -0.123948 2.482595
0.628867 -0.128111 2.456600
0.789447 -0.129342 2.491420
0.718695 -0.184408 2.463800
