0.147152 -0.031543 2.109537
0.129394 0.263508 2.020229
0.120071 0.545690 1.917299
0.081465 0.668318 1.849182
-0.041275 0.447308 1.987057
-0.065114 0.210094 2.022071
-0.051643 -0.025260 1.962932
-0.042279 -0.099327 1.956159
0.286687 0.438450 1.902390
0.375760 0.189943 1.974060
0.369713 -0.028264 2.004009
0.355763 -0.100593 2.016420
0.068714 -0.033120 2.092613
0.073136 -0.413283 2.242380
0.102453 -0.752293 2.307534
0.107204 -0.831354 2.218193
0.221155 -0.025078 2.062792
0.253879 -0.418195 2.183207
0.320067 -0.746495 2.337674
0.299895 -0.819219 2.254148
0.122104 0.476717 1.946128
-0.039466 -0.165351 1.931502
-0.008070 -0.107330 1.941412
0.357906 -0.169195 2.031845
0.388363 -0.094028 2.003000
