-0.009735 -0.014994 2.149874
-0.028001 0.284298 2.066049
-0.046723 0.573204 1.970620
-0.019065 0.709354 1.923285
-0.198808 0.445606 1.949621
-0.275388 0.203372 1.980572
-0.235862 -0.026833 1.982727
-0.223017 -0.099748 2.002581
0.121267 0.485268 2.049509
0.173720 0.241419 2.160998
0.183524 0.019393 2.148811
0.172067 -0.055971 2.146375
-0.085413 -0.020211 2.099959
-0.116952 -0.383225 2.240497
-0.123232 -0.734048 2.359489
-0.138485 -0.825686 2.280927
0.065060 -0.009116 2.129420
0.104553 -0.378421 2.276629
0.160736 -0.715390 2.438422
0.201737 -0.788003 2.372144
-0.042006 0.502584 1.996558
-0.207375 -0.167553 2.002379
-0.191830 -0.091450 1.992834
0.179472 -0.120555 2.157565
0.140599 -0.055165 2.115762
