-0.182849 -0.004147 2.241859
-0.155873 0.299490 2.148114
-0.128857 0.592799 2.042132
-0.209271 0.702561 2.030456
-0.247081 0.505289 2.174871
-0.289299 0.241086 2.300117
-0.302358 0.020197 2.305641
-0.317356 -0.039963 2.318919
-0.037501 0.444787 1.954388
-0.005718 0.193719 1.889924
-0.090798 -0.041258 1.849336
-0.121597 -0.114465 1.827298
-0.230724 0.006810 2.252815
-0.207236 -0.393053 2.349977
-0.153788 -0.732937 2.422162
-0.234093 -0.781740 2.452930
-0.129546 -0.015112 2.159584
-0.053261 -0.368329 2.178233
0.153326 -0.706243 2.335777
0.081941 -0.755889 2.252095
-0.135662 0.521042 2.070768
-0.324210 -0.109358 2.334192
-0.279200 -0.056196 2.267400
-0.149962 -0.181958 1.822522
-0.157828 -0.095603 1.826300
