-0.444892 0.091299 2.506673
-0.446167 0.401417 2.433874
-0.444234 0.701247 2.349186
-0.454814 0.837702 2.337096
-0.598901 0.595356 2.369321
-0.778321 0.704347 2.556388
-0.865588 0.879024 2.764292
-0.826440 0.903889 2.764228
-0.338396 0.575686 2.335938
-0.264070 0.456114 2.492738
-0.513297 0.606523 2.534241
-0.805294 0.796310 2.618897
-0.513306 0.088463 2.473473
-0.512467 -0.373871 2.409233
-0.512733 -0.750839 2.420770
-0.517946 -0.806363 2.307750
-0.363703 0.091580 2.469033
-0.298755 -0.348043 2.552990
-0.239838 -0.669704 2.624943
-0.248905 -0.726772 2.510906
-0.445226 0.627768 2.372459
-0.836614 0.920680 2.810864
-0.825863 0.931278 2.750167
-0.826423 0.852492 2.681756
-0.787350 0.822065 2.641843
