0.148686 -0.041318 2.040385
0.114749 0.259044 1.974522
0.080923 0.547937 1.895632
0.121618 0.678402 1.835653
-0.054340 0.430513 1.864975
-0.098845 0.180643 1.872380
-0.045977 -0.035622 1.856765
-0.033189 -0.108135 1.870703
0.254981 0.455785 1.992855
0.303833 0.206950 2.063437
0.307399 -0.012842 2.019416
0.293900 -0.080889 1.993660
0.072366 -0.048840 1.982074
0.021398 -0.439340 2.154669
0.016513 -0.769781 2.250256
0.010678 -0.850069 2.168371
0.219580 -0.032419 2.026849
0.209440 -0.381333 2.228138
0.239803 -0.713892 2.438560
0.301762 -0.783039 2.401344
0.089380 0.477397 1.917563
-0.012445 -0.176410 1.874575
-0.001445 -0.074763 1.873842
0.296996 -0.147635 1.976814
0.314469 -0.113114 1.955370
