0.441853 0.026464 2.270081
0.513018 0.350462 2.193523
0.579902 0.663314 2.106669
0.687011 0.768734 2.112663
0.501129 0.494613 2.004928
0.669079 0.245088 1.963846
0.805289 0.114782 2.063142
0.870481 0.088822 2.124910
0.676483 0.578720 2.285499
0.765013 0.312069 2.336956
0.835352 0.196955 2.514373
0.820967 0.246996 2.606319
0.396002 0.023919 2.194975
0.540143 -0.347891 2.249629
0.543792 -0.735474 2.330965
0.630899 -0.792454 2.327160
0.474041 0.028184 2.274701
0.536431 -0.376737 2.274178
0.500639 -0.714071 2.526139
0.607629 -0.728182 2.522696
0.563960 0.586727 2.130303
0.916795 0.055227 2.167088
0.873804 0.046592 2.160600
0.830065 0.243700 2.603459
0.819733 0.232573 2.585423
