0.564910 0.048745 2.377030
0.663036 0.369197 2.314122
0.744896 0.681174 2.242645
0.885874 0.737884 2.256703
0.618960 0.514167 2.153417
0.824493 0.305794 2.148419
0.984157 0.165075 2.185978
1.045830 0.105595 2.193585
0.840924 0.596885 2.421478
0.901139 0.306258 2.463075
1.024252 0.124745 2.449949
1.066614 0.064705 2.449217
0.513601 0.056524 2.308006
0.637914 -0.361915 2.308437
0.638742 -0.741625 2.331514
0.732832 -0.790277 2.315217
0.601138 0.046260 2.361731
0.646533 -0.337961 2.498064
0.552944 -0.693909 2.576145
0.573419 -0.761285 2.507782
0.724538 0.606182 2.261780
1.112721 0.055974 2.206320
0.980665 0.097424 2.169743
1.071096 0.061610 2.452486
1.054528 0.065089 2.423791
