0.693666 0.042463 2.261213
0.700979 0.362800 2.214427
0.695559 0.670442 2.154356
0.819375 0.756646 2.159410
0.636964 0.501173 2.048031
0.677318 0.257789 2.017010
0.882692 0.191233 2.205887
0.898995 0.197924 2.217103
0.791706 0.585987 2.333222
0.936824 0.743756 2.310053
0.719109 0.761396 2.250070
0.647914 0.768401 2.233553
0.649163 0.038685 2.191843
0.658651 -0.347738 2.286082
0.630622 -0.738878 2.343209
0.725328 -0.788769 2.308929
0.717091 0.046343 2.262513
0.604290 -0.344453 2.450687
0.545303 -0.685345 2.571460
0.567103 -0.758381 2.521486
0.697950 0.595307 2.171748
0.941695 0.193908 2.236061
0.910693 0.169001 2.210600
0.680089 0.810871 2.234383
0.698119 0.745713 2.212287
