0.159699 -0.022910 2.095982
0.179538 0.268912 1.989710
0.197438 0.550037 1.875389
0.143797 0.670059 1.833798
0.072532 0.490898 2.057235
0.029375 0.258974 2.169164
0.006790 0.041569 2.117226
0.008327 -0.011757 2.103732
0.312833 0.411030 1.810878
0.407562 0.198009 1.783549
0.264797 0.025292 1.824069
0.210304 -0.017815 1.849788
0.105647 -0.009286 2.103185
0.045574 -0.410656 2.196193
-0.023943 -0.748814 2.331799
-0.092276 -0.821537 2.273397
0.208128 -0.035894 2.017719
0.281492 -0.403321 2.162411
0.291161 -0.752506 2.281414
0.298097 -0.833192 2.204827
0.193430 0.481177 1.905748
0.017861 -0.087508 2.093753
0.042702 0.012591 2.074714
0.158121 -0.078162 1.874946
0.202671 0.038747 1.887064
