-0.069468 -0.025407 2.409068
-0.078907 0.261650 2.340258
-0.088530 0.539308 2.259149
-0.106417 0.680322 2.213420
-0.243304 0.424534 2.292657
-0.280406 0.159579 2.347619
-0.308818 -0.041623 2.373363
-0.328353 -0.109724 2.377857
0.055188 0.416210 2.228033
0.124887 0.158608 2.269630
0.142253 -0.056295 2.269285
0.146612 -0.109221 2.267660
-0.138327 -0.027666 2.386453
-0.129006 -0.353995 2.509770
-0.119764 -0.687260 2.574341
-0.136282 -0.773088 2.484279
0.001460 -0.022623 2.363268
0.037642 -0.388270 2.463548
0.068723 -0.712699 2.548937
0.095920 -0.789468 2.456681
-0.086116 0.471213 2.281487
-0.333440 -0.173618 2.392551
-0.348166 -0.100032 2.372214
0.144938 -0.177875 2.287515
0.146901 -0.074361 2.269200
