-0.440041 -0.064598 2.230693
-0.462944 0.228152 2.157155
-0.483425 0.512157 2.071761
-0.576154 0.611167 2.035844
-0.612587 0.407627 2.138859
-0.678905 0.163830 2.246243
-0.824480 0.021207 2.222978
-0.894063 -0.014259 2.206457
-0.358471 0.378395 2.005751
-0.251737 0.114958 2.001716
-0.245188 -0.088680 2.026773
-0.257127 -0.139786 2.046813
-0.495906 -0.059878 2.242151
-0.449794 -0.380009 2.364680
-0.409612 -0.729997 2.464684
-0.489745 -0.795883 2.419929
-0.371141 -0.067427 2.152309
-0.319230 -0.436494 2.213434
-0.270015 -0.776041 2.303540
-0.275633 -0.845668 2.224663
-0.478832 0.442488 2.095149
-0.956532 -0.078721 2.240018
-0.871031 -0.035306 2.221125
-0.259795 -0.205921 2.069603
-0.290184 -0.144047 2.042375
