-0.015986 -0.038979 2.364263
0.007549 0.247733 2.286295
0.031374 0.526023 2.196360
-0.008786 0.643716 2.137050
-0.130580 0.423813 2.253085
-0.174192 0.177320 2.320719
-0.205308 -0.019892 2.362772
-0.209514 -0.059404 2.364429
0.143316 0.396403 2.151770
0.189767 0.128177 2.178790
0.193133 -0.077518 2.188743
0.194231 -0.141118 2.208745
-0.082955 -0.030955 2.351172
-0.082825 -0.382956 2.496624
-0.103979 -0.700976 2.561515
-0.131312 -0.784261 2.467599
0.052634 -0.046138 2.309536
0.074378 -0.368398 2.453713
0.071984 -0.689673 2.544538
0.092453 -0.784159 2.467511
0.025400 0.457748 2.220941
-0.212306 -0.125519 2.372761
-0.242651 -0.061255 2.382240
0.185055 -0.204181 2.227233
0.169181 -0.151230 2.186894
