-0.113198 -0.116305 2.106806
-0.108115 0.171232 2.045257
-0.103088 0.449292 1.970805
-0.103771 0.589461 1.909880
-0.261896 0.346575 1.990052
-0.299638 0.087772 2.043647
-0.304212 -0.118651 2.042774
-0.299978 -0.173580 2.067500
0.044622 0.332550 1.945596
0.094914 0.079263 1.972396
0.109095 -0.126679 1.973567
0.103832 -0.182951 1.995416
-0.183544 -0.112566 2.080963
-0.161612 -0.450121 2.224712
-0.158852 -0.766702 2.307466
-0.167908 -0.850792 2.227489
-0.039226 -0.116296 2.064616
-0.037482 -0.462149 2.214941
-0.033838 -0.761094 2.299644
-0.017598 -0.848745 2.222591
-0.104422 0.381165 1.991578
-0.290438 -0.233680 2.067827
-0.336503 -0.174200 2.065400
0.107327 -0.221558 2.000160
0.130371 -0.172339 1.978884
