-0.108105 -0.079473 2.152701
-0.100056 0.195792 2.052517
-0.092738 0.465404 1.937217
-0.139713 0.585072 1.898688
-0.228239 0.371496 2.020631
-0.267620 0.111339 2.107865
-0.328407 -0.049131 2.209877
-0.342097 -0.098534 2.238947
0.013508 0.356535 1.887193
0.077639 0.082801 1.910768
0.081434 -0.119026 1.944498
0.089519 -0.160837 1.956596
-0.172880 -0.069385 2.145403
-0.175306 -0.433843 2.272430
-0.205234 -0.777498 2.324184
-0.249122 -0.835208 2.247456
-0.040171 -0.083982 2.095715
-0.041915 -0.436638 2.237258
-0.029431 -0.765875 2.302320
-0.017276 -0.849746 2.224235
-0.094527 0.399702 1.968809
-0.351319 -0.146462 2.241677
-0.351328 -0.066962 2.233400
0.093233 -0.234093 1.983568
0.126045 -0.137403 1.929643
