-0.501388 -0.098777 2.079827
-0.527347 0.226846 2.015291
-0.545556 0.542757 1.937622
-0.548142 0.692457 1.933213
-0.641616 0.349051 1.894396
-0.836392 0.246034 2.012893
-0.998373 0.193150 2.217417
-1.059078 0.184881 2.273727
-0.444403 0.391266 1.936297
-0.649011 0.290628 1.908069
-0.858229 0.243634 2.020765
-0.905001 0.236851 2.053426
-0.564528 -0.106280 2.035274
-0.554707 -0.452895 2.096201
-0.585810 -0.800450 2.203143
-0.557236 -0.850015 2.096431
-0.420869 -0.087702 2.058536
-0.401768 -0.464155 2.213016
-0.400843 -0.783323 2.332160
-0.500972 -0.803137 2.267991
-0.541831 0.465255 1.959159
-1.083511 0.162000 2.322570
-1.031380 0.155397 2.302444
-0.971400 0.229180 2.107468
-0.848438 0.209073 2.052632
