0.027240 -0.025237 2.467120
0.074814 0.270840 2.374636
0.122479 0.561688 2.270518
0.218677 0.668004 2.260178
0.019791 0.429107 2.181852
-0.047845 0.154072 2.177812
-0.034312 -0.065750 2.224300
-0.035835 -0.114105 2.255208
0.179564 0.487162 2.404197
0.250009 0.260382 2.539080
0.341731 0.077800 2.649694
0.393225 0.015794 2.698450
-0.005551 -0.019390 2.384480
-0.092992 -0.356915 2.424737
-0.153331 -0.709367 2.505867
-0.071337 -0.782144 2.479915
0.059780 -0.029564 2.482009
0.052038 -0.356765 2.613931
0.047738 -0.684657 2.693158
0.142723 -0.733226 2.688959
0.110863 0.490006 2.298674
-0.035665 -0.177709 2.284663
-0.006693 -0.107390 2.260715
0.428010 -0.042751 2.729079
0.374124 0.003118 2.700470
