0.580289 -0.012316 2.249253
0.576353 0.260986 2.164472
0.576164 0.529424 2.068893
0.647769 0.657272 2.049393
0.500428 0.390233 2.024643
0.637298 0.169136 2.002073
0.785591 0.029072 2.001443
0.852594 -0.043585 2.006321
0.677826 0.431243 2.173352
0.719626 0.182198 2.282273
0.757235 0.030803 2.410313
0.716455 -0.074569 2.332645
0.519919 -0.016508 2.184354
0.460883 -0.337718 2.294776
0.458223 -0.685758 2.407166
0.515749 -0.768477 2.402170
0.618018 -0.001887 2.246913
0.444121 -0.445208 2.316404
0.557845 -0.685983 2.557178
0.632835 -0.742224 2.573290
0.576164 0.463702 2.094428
0.907320 -0.087776 1.984382
0.907851 -0.039603 1.973833
0.712662 -0.084837 2.332902
0.700432 -0.072847 2.313200
