-0.383360 -0.079651 2.234248
-0.393879 0.214916 2.156854
-0.398852 0.498908 2.068239
-0.442778 0.625474 2.022446
-0.559825 0.370314 2.134100
-0.521867 0.108948 2.134025
-0.546542 -0.082091 2.196208
-0.530800 -0.115769 2.275148
-0.268315 0.368628 2.024580
-0.186681 0.104697 2.073877
-0.156358 -0.094748 2.108399
-0.174314 -0.154911 2.136001
-0.445699 -0.078418 2.222855
-0.415903 -0.381423 2.369249
-0.408625 -0.708967 2.465187
-0.451146 -0.798668 2.400748
-0.309891 -0.077091 2.177656
-0.238296 -0.430329 2.307390
-0.186426 -0.747659 2.371971
-0.181243 -0.826408 2.285742
-0.398131 0.429325 2.092436
-0.535227 -0.183551 2.310095
-0.546268 -0.081250 2.263842
-0.171711 -0.219846 2.158064
-0.205306 -0.167899 2.128542
