-0.521264 -0.028082 2.303464
-0.471211 0.270307 2.252159
-0.420249 0.559717 2.189771
-0.319306 0.665518 2.219321
-0.464651 0.404760 2.100133
-0.463260 0.121339 2.087362
-0.413680 -0.073464 2.127045
-0.416898 -0.126791 2.171074
-0.324643 0.466904 2.319352
-0.304086 0.281923 2.513289
-0.358062 0.224077 2.744868
-0.376492 0.205233 2.825742
-0.543792 -0.022183 2.239909
-0.441922 -0.358319 2.282646
-0.426247 -0.727225 2.296885
-0.364525 -0.815165 2.245137
-0.483879 -0.033041 2.300712
-0.455197 -0.480452 2.292102
-0.394420 -0.794314 2.303677
-0.332886 -0.850449 2.293428
-0.433229 0.488673 2.207368
-0.396151 -0.198524 2.193853
-0.383193 -0.096001 2.209556
-0.372453 0.203871 2.829890
-0.375293 0.203645 2.794487
