-0.478555 -0.074886 2.241939
-0.442405 0.221114 2.184960
-0.405803 0.508070 2.115834
-0.476092 0.616439 2.074181
-0.540484 0.404078 2.190761
-0.584506 0.126007 2.197591
-0.643799 -0.056934 2.259016
-0.660506 -0.076073 2.246655
-0.317689 0.368160 2.050558
-0.258840 0.090443 2.033671
-0.277573 -0.115043 2.033951
-0.286647 -0.178952 2.050091
-0.531755 -0.069954 2.239589
-0.521788 -0.387490 2.368462
-0.563426 -0.719759 2.431191
-0.624505 -0.795330 2.364470
-0.410910 -0.077513 2.177590
-0.361975 -0.411233 2.308676
-0.191065 -0.686162 2.476227
-0.165549 -0.785930 2.416190
-0.415131 0.437661 2.135223
-0.669829 -0.142944 2.238836
-0.677659 -0.050980 2.234429
-0.294091 -0.239823 2.071248
-0.256981 -0.184469 2.028000
