0.070328 -0.033778 2.383446
0.105258 0.255547 2.301528
0.139250 0.535227 2.205511
0.079630 0.648563 2.169075
-0.010456 0.444798 2.313061
-0.041110 0.185920 2.341086
-0.088285 -0.008960 2.380244
-0.090115 -0.043490 2.428089
0.225787 0.389847 2.146998
0.267266 0.127889 2.168053
0.259775 -0.075920 2.191296
0.243132 -0.140444 2.210077
0.012250 -0.021189 2.386423
-0.009215 -0.364304 2.444993
-0.013924 -0.690220 2.566814
-0.076385 -0.768549 2.505350
0.125782 -0.045789 2.311920
0.178242 -0.387481 2.456465
0.163849 -0.698124 2.553085
0.141753 -0.789358 2.468929
0.130931 0.466674 2.231704
-0.109361 -0.103923 2.472429
-0.079113 -0.099755 2.373333
0.239461 -0.205546 2.237330
0.208988 -0.134778 2.207429
