-0.043648 -0.037523 2.368571
-0.044349 0.244160 2.292926
-0.043698 0.516947 2.205660
-0.039892 0.658716 2.149917
-0.198757 0.410851 2.209441
-0.240761 0.150716 2.266531
-0.247362 -0.054749 2.277653
-0.243661 -0.105433 2.311457
0.106548 0.403770 2.206955
0.164522 0.153709 2.271431
0.169749 -0.056517 2.323004
0.164932 -0.094377 2.344819
-0.115292 -0.036131 2.334828
-0.091954 -0.388144 2.435454
-0.101006 -0.705547 2.541875
-0.090739 -0.789891 2.443942
0.029368 -0.037872 2.334406
0.031116 -0.385922 2.480075
0.029922 -0.696644 2.552501
0.044309 -0.784527 2.473385
-0.044007 0.450043 2.229537
-0.244635 -0.163982 2.325388
-0.272620 -0.105681 2.305867
0.170596 -0.168350 2.375190
0.135245 -0.090685 2.328773
