0.461340 -0.104613 1.997820
0.452376 0.161274 1.896405
0.439411 0.417771 1.779254
0.493069 0.541848 1.742954
0.339097 0.282045 1.738659
0.293875 0.039332 1.734880
0.332233 -0.195792 1.783684
0.345510 -0.246280 1.799435
0.554174 0.305635 1.846384
0.684391 0.136826 1.950032
0.848970 0.041081 1.867310
0.902717 0.012404 1.825437
0.381625 -0.122153 1.923703
0.438719 -0.458612 1.982693
0.472371 -0.817086 2.051151
0.547134 -0.884720 2.031046
0.525601 -0.083651 2.005642
0.348351 -0.449163 2.233575
0.267394 -0.760589 2.382052
0.342109 -0.815667 2.358889
0.442931 0.355169 1.811172
0.354488 -0.318027 1.832976
0.377180 -0.226394 1.801625
0.950719 -0.044390 1.809676
0.904822 0.028757 1.785067
