0.536959 -0.057231 2.327700
0.635759 0.225832 2.241015
0.733938 0.492858 2.143375
0.816400 0.610727 2.117262
0.624703 0.374957 2.091992
0.728901 0.121031 2.105908
0.903208 0.041706 2.161042
0.978379 0.032763 2.180821
0.845427 0.403381 2.265323
0.670040 0.246027 2.093933
0.858071 0.108435 2.230959
0.936278 0.055843 2.182512
0.470199 -0.056139 2.246207
0.509176 -0.372347 2.364869
0.508757 -0.722859 2.469465
0.570292 -0.798772 2.430176
0.591852 -0.067994 2.338658
0.459115 -0.456849 2.353566
0.569611 -0.713470 2.579832
0.649069 -0.724861 2.621078
0.708964 0.427841 2.168972
1.049639 0.031021 2.187226
0.971990 -0.022316 2.105000
0.955124 0.015303 2.197420
0.950160 0.015223 2.186000
