-0.220156 -0.241508 2.081066
-0.227755 0.034950 2.027772
-0.233413 0.303457 1.962182
-0.201359 0.422821 1.925246
-0.363660 0.189634 1.932609
-0.400787 -0.029383 1.948388
-0.341218 -0.228289 1.910076
-0.317272 -0.266688 1.919125
-0.079733 0.212958 2.037771
-0.037578 -0.015522 2.116410
-0.020156 -0.222135 2.080754
-0.029130 -0.253901 2.079582
-0.280195 -0.241554 2.029805
-0.369933 -0.524202 2.036441
-0.456021 -0.847938 2.175671
-0.491381 -0.924847 2.132012
-0.153177 -0.233826 2.066730
-0.161785 -0.498910 2.174821
-0.191257 -0.820983 2.278898
-0.181421 -0.910171 2.225985
-0.232306 0.237486 1.980713
-0.296646 -0.305482 1.925336
-0.345538 -0.269661 1.921579
-0.033017 -0.289344 2.072278
0.008687 -0.248044 2.063500
