-0.209078 -0.256632 2.031310
-0.199107 0.041773 1.959773
-0.189028 0.331670 1.876136
-0.198132 0.459715 1.894554
-0.220786 0.181765 1.806013
-0.109470 -0.080487 1.824590
-0.017752 -0.244789 1.903503
-0.033537 -0.282164 1.943941
-0.090414 0.232827 2.015149
-0.048774 -0.028358 1.891988
-0.055540 -0.305199 1.936726
-0.090879 -0.339711 1.939998
-0.233962 -0.245376 1.980887
-0.109174 -0.579071 2.000076
-0.251562 -0.915584 1.989144
-0.219663 -0.973977 1.960290
-0.177099 -0.259841 2.016644
-0.228607 -0.554161 2.173177
-0.201667 -0.962008 2.131662
-0.286066 -0.948027 2.044874
-0.191649 0.260510 1.899171
-0.007695 -0.322818 1.950070
-0.066515 -0.314884 1.928800
-0.118178 -0.411640 1.938542
-0.049124 -0.336362 1.947805
