-0.049462 -0.227234 2.085952
-0.056675 0.067702 2.026541
-0.063599 0.356126 1.955118
0.003403 0.461341 2.032132
-0.067040 0.225053 1.924073
0.050238 -0.015197 1.913723
0.150969 -0.116359 2.053641
0.158903 -0.154664 2.093333
0.005007 0.260143 2.111530
0.055063 0.012611 1.963514
-0.010632 -0.062965 1.743538
-0.032470 -0.088184 1.673831
-0.072415 -0.224555 2.019373
-0.071927 -0.500973 2.063592
-0.166601 -0.878827 2.123448
-0.121086 -0.935969 2.122440
-0.024696 -0.222837 2.086728
-0.017311 -0.481373 2.283089
-0.049769 -0.717631 2.470701
0.027760 -0.753908 2.420675
-0.061950 0.285113 1.975096
0.179274 -0.187999 2.151704
0.118627 -0.154347 2.047500
-0.041420 -0.052022 1.643198
0.010961 -0.066834 1.642206
