0.006505 -0.210179 2.319327
0.008736 0.098809 2.265401
0.010894 0.401930 2.203559
0.095749 0.512375 2.273467
0.009168 0.261836 2.141815
0.066519 -0.004515 2.126907
0.114151 -0.198057 2.177703
0.102997 -0.231518 2.221406
0.079014 0.306238 2.359881
0.145598 0.066560 2.205996
0.073095 0.029513 2.004284
0.049139 0.017258 1.940670
-0.009444 -0.200117 2.256383
0.125954 -0.428752 2.386096
0.037332 -0.791139 2.462420
0.060242 -0.862793 2.482422
0.023252 -0.213487 2.317292
-0.050438 -0.438218 2.482973
-0.026012 -0.799253 2.540606
0.022723 -0.853226 2.476165
0.010983 0.327470 2.220997
0.124998 -0.281218 2.247235
0.062478 -0.246966 2.205947
0.040333 0.052890 1.910657
0.092610 0.037361 1.907892
