-0.084366 -0.174974 2.427639
-0.087750 0.102445 2.359249
-0.090986 0.372686 2.278816
-0.041472 0.483891 2.251006
-0.190267 0.253267 2.212786
-0.229809 0.021618 2.202772
-0.155115 -0.173909 2.183729
-0.164025 -0.211253 2.222355
0.033580 0.273088 2.402864
0.072421 0.020477 2.509776
0.151203 -0.161864 2.562080
0.143758 -0.212411 2.575989
-0.134152 -0.172680 2.358825
-0.224091 -0.483286 2.341830
-0.284447 -0.810415 2.375500
-0.274049 -0.876871 2.283750
-0.032464 -0.172610 2.430298
-0.069301 -0.428337 2.553593
-0.086781 -0.720457 2.649628
-0.042030 -0.806050 2.634784
-0.090237 0.306184 2.301051
-0.155247 -0.251934 2.226837
-0.201517 -0.257264 2.228600
0.147218 -0.244017 2.603053
0.157971 -0.221434 2.570400
