-0.068671 -0.166679 2.385398
-0.065827 0.107623 2.326754
-0.062405 0.375100 2.257112
0.006083 0.481094 2.235170
-0.164211 0.259423 2.193097
-0.234097 0.016538 2.188300
-0.209007 -0.190605 2.163421
-0.205392 -0.201036 2.173599
0.055829 0.271674 2.374135
0.078050 0.015121 2.431259
0.127138 -0.186414 2.397393
0.130548 -0.203535 2.399157
-0.119602 -0.164637 2.316865
-0.061958 -0.423386 2.313420
0.010827 -0.803010 2.389259
0.099110 -0.849427 2.359272
-0.014674 -0.163734 2.386918
-0.037377 -0.405678 2.455748
-0.158060 -0.792330 2.547905
-0.116204 -0.846125 2.496679
-0.063356 0.309255 2.276553
-0.202499 -0.271082 2.193580
-0.226721 -0.219268 2.155632
0.135232 -0.224143 2.391049
0.109373 -0.204975 2.394714
