-0.254840 -0.263626 1.967363
-0.211476 0.014026 1.905882
-0.167455 0.283707 1.831700
-0.203252 0.404167 1.805927
-0.317523 0.206037 1.937930
-0.378557 -0.043951 1.998187
-0.439344 -0.241598 1.963001
-0.416014 -0.263769 1.965379
-0.056145 0.150707 1.788502
-0.035812 -0.080276 1.769463
-0.077819 -0.281081 1.719362
-0.104116 -0.338845 1.710674
-0.308895 -0.249890 1.962985
-0.299784 -0.529014 2.088212
-0.264240 -0.856630 2.283831
-0.262372 -0.920571 2.234335
-0.192525 -0.268853 1.906379
-0.127955 -0.538628 1.957836
-0.132082 -0.875861 2.074207
-0.168992 -0.953182 2.025375
-0.178575 0.217480 1.852411
-0.415058 -0.285264 1.968243
-0.396293 -0.260662 1.950455
-0.122515 -0.385527 1.715525
-0.093352 -0.341875 1.678481
