-0.243612 -0.123201 2.258450
-0.236650 0.142647 2.147055
-0.223128 0.401585 2.025583
-0.210914 0.505580 2.023063
-0.347947 0.277153 1.989163
-0.383937 0.048344 1.979480
-0.350074 -0.146904 1.995909
-0.340218 -0.210750 1.987169
-0.129258 0.296596 2.142888
-0.082147 0.136173 2.239280
-0.082011 -0.064455 2.407171
-0.081344 -0.090771 2.431466
-0.292187 -0.129403 2.198624
-0.349370 -0.429695 2.305115
-0.361492 -0.758098 2.432085
-0.336992 -0.815942 2.366698
-0.186342 -0.112962 2.251994
-0.162206 -0.433735 2.369281
-0.133359 -0.735685 2.437404
-0.067914 -0.788501 2.388599
-0.227096 0.337904 2.057842
-0.326758 -0.256602 2.017160
-0.359847 -0.232717 1.961625
-0.076438 -0.125139 2.442768
-0.090797 -0.056248 2.405846
