0.638845 -0.111105 2.488029
0.677992 0.174527 2.376397
0.712287 0.452000 2.254072
0.731333 0.552016 2.260181
0.563827 0.338667 2.252565
0.761534 0.165049 2.178954
0.941681 0.062891 2.203040
0.991827 0.042506 2.198700
0.749558 0.313727 2.249959
0.800114 0.174725 2.458234
0.969408 0.070831 2.269258
1.025340 0.032504 2.197915
0.571136 -0.109766 2.451744
0.530069 -0.423671 2.439594
0.509542 -0.775223 2.557704
0.582072 -0.782304 2.524881
0.689560 -0.109606 2.458417
0.494578 -0.402568 2.671913
0.456885 -0.707385 2.766545
0.536427 -0.708226 2.672586
0.704690 0.383787 2.286654
1.049439 0.006412 2.207713
1.006995 0.035191 2.172250
1.060556 0.011005 2.186313
1.047120 0.029471 2.190500
