-0.613995 -0.144068 2.214956
-0.635651 0.124234 2.089581
-0.656147 0.382242 1.952479
-0.679177 0.494866 1.984824
-0.753555 0.262783 1.955790
-0.931813 0.126706 2.083521
-0.969304 0.073574 2.331940
-0.971412 0.068029 2.379949
-0.543900 0.295024 2.017321
-0.782454 0.176979 2.031464
-1.010399 0.142049 2.150871
-1.033216 0.125657 2.195152
-0.664576 -0.139570 2.172198
-0.526704 -0.403030 2.350142
-0.446343 -0.762769 2.414745
-0.415831 -0.814584 2.320275
-0.545105 -0.144326 2.192618
-0.643614 -0.441534 2.176291
-0.607244 -0.799539 2.272827
-0.687460 -0.826018 2.286938
-0.651304 0.319304 1.989225
-0.967459 0.049250 2.397660
-0.986520 0.073567 2.350572
-1.068485 0.139907 2.241689
-1.039675 0.141673 2.189333
