-0.176812 -0.134005 2.200070
-0.193242 0.141444 2.132088
-0.207283 0.406748 2.052299
-0.176953 0.521634 2.038918
-0.332959 0.286927 2.036935
-0.379793 0.068374 2.083372
-0.360787 -0.130540 2.064470
-0.350980 -0.177098 2.070665
-0.056875 0.310061 2.110195
-0.012958 0.076118 2.207259
0.017699 -0.121256 2.195958
0.017029 -0.178229 2.186702
-0.232632 -0.136813 2.151433
-0.293129 -0.445332 2.283089
-0.284888 -0.762435 2.423700
-0.284230 -0.826319 2.340997
-0.115482 -0.127151 2.180827
-0.101689 -0.464438 2.326693
-0.104708 -0.762429 2.395658
-0.106193 -0.830590 2.324036
-0.204049 0.341749 2.074234
-0.345106 -0.230428 2.080711
-0.322307 -0.172373 2.059840
0.028058 -0.230108 2.190346
-0.009994 -0.183128 2.165769
