-0.658433 -0.144285 2.170098
-0.651069 0.132980 2.045949
-0.641396 0.402343 1.902974
-0.664947 0.511334 1.939523
-0.753672 0.259430 1.919581
-0.883606 0.121381 2.038268
-0.907046 0.107703 2.287028
-0.932369 0.061084 2.324995
-0.533497 0.289026 2.004954
-0.772025 0.168230 2.008153
-0.977455 0.125940 2.113629
-1.032896 0.134609 2.204832
-0.707115 -0.141702 2.123846
-0.589435 -0.432874 2.380290
-0.473066 -0.755663 2.428723
-0.513880 -0.798610 2.454858
-0.590705 -0.142150 2.149907
-0.660572 -0.444422 2.159142
-0.612415 -0.798790 2.263193
-0.688654 -0.827847 2.282354
-0.645330 0.336186 1.941188
-0.928257 0.054068 2.331532
-0.935326 0.055953 2.305600
-1.040193 0.125644 2.204813
-1.021020 0.136275 2.183350
