-0.178364 -0.134041 2.200935
-0.193681 0.140361 2.133476
-0.207020 0.405397 2.054605
-0.178383 0.521358 2.041764
-0.333109 0.287165 2.039709
-0.382476 0.066605 2.088601
-0.367106 -0.132550 2.069151
-0.358006 -0.175833 2.074294
-0.055473 0.312235 2.111735
-0.012970 0.072687 2.208178
0.015578 -0.124984 2.196733
0.013866 -0.179936 2.193768
-0.234151 -0.136448 2.152993
-0.293167 -0.444786 2.283230
-0.285093 -0.763392 2.422881
-0.283918 -0.827034 2.340955
-0.117230 -0.127513 2.181279
-0.100830 -0.466471 2.326848
-0.104717 -0.764107 2.395113
-0.104583 -0.827944 2.330706
-0.203990 0.340403 2.076361
-0.355151 -0.231163 2.084118
-0.328986 -0.177373 2.054253
0.023167 -0.231425 2.194546
-0.012666 -0.181006 2.173576
