-0.357419 -0.029075 2.401589
-0.376942 0.217619 2.307245
-0.392812 0.458998 2.204150
-0.360509 0.561881 2.223216
-0.482468 0.339391 2.154377
-0.491120 0.108595 2.155857
-0.421312 -0.098950 2.186242
-0.407022 -0.166168 2.197294
-0.299994 0.400581 2.309887
-0.267472 0.175843 2.375062
-0.275389 0.110737 2.526516
-0.261883 0.069168 2.563394
-0.390779 -0.038549 2.333674
-0.428082 -0.429037 2.450177
-0.440834 -0.715206 2.596889
-0.377542 -0.770080 2.570117
-0.314611 -0.018781 2.408771
-0.247864 -0.420424 2.530591
-0.174125 -0.732905 2.549279
-0.118680 -0.762277 2.472870
-0.389324 0.399567 2.231675
-0.387014 -0.220164 2.224548
-0.399301 -0.129177 2.218143
-0.257023 0.071489 2.567473
-0.251123 0.083703 2.557963
