-0.285214 -0.161512 2.137007
-0.299385 0.117800 2.063126
-0.311243 0.388740 1.977224
-0.280704 0.499098 1.965499
-0.438038 0.265781 1.957993
-0.483383 0.041661 1.989680
-0.456370 -0.164918 1.969359
-0.437411 -0.201532 1.971304
-0.170783 0.282048 2.053875
-0.131890 0.059275 2.165409
-0.092892 -0.144898 2.168005
-0.097945 -0.185352 2.153920
-0.340747 -0.163760 2.086885
-0.372015 -0.488801 2.195470
-0.347092 -0.803404 2.301527
-0.318704 -0.858005 2.228720
-0.220949 -0.154353 2.121623
-0.232736 -0.498467 2.218701
-0.248066 -0.801905 2.311794
-0.225657 -0.851133 2.239809
-0.308676 0.322230 2.000793
-0.423881 -0.264777 1.977566
-0.406771 -0.206337 1.958667
-0.091273 -0.253937 2.161632
-0.064822 -0.197426 2.140167
