0.602782 -0.100181 2.444550
0.659363 0.174909 2.368420
0.714115 0.437510 2.290301
0.742501 0.534395 2.292975
0.535772 0.340046 2.226301
0.538505 0.101842 2.197385
0.589817 -0.080487 2.246892
0.585864 -0.133863 2.279965
0.640666 0.356808 2.218412
0.779411 0.308404 2.424021
0.942866 0.366370 2.502346
0.961875 0.353006 2.515146
0.530080 -0.097160 2.414201
0.516924 -0.411476 2.415709
0.466165 -0.750607 2.521720
0.536587 -0.797839 2.473789
0.657945 -0.100355 2.409198
0.484906 -0.344025 2.682142
0.601286 -0.700497 2.651067
0.631491 -0.764553 2.654106
0.699932 0.372538 2.310173
0.611184 -0.179765 2.305634
0.573813 -0.143059 2.242739
0.972593 0.344541 2.519489
0.954965 0.365460 2.500000
