-0.445480 -0.135847 2.270808
-0.408113 0.122401 2.182832
-0.369139 0.373423 2.083443
-0.396524 0.490476 2.072037
-0.523075 0.295743 2.175930
-0.588181 0.121857 2.326978
-0.656311 -0.061176 2.351973
-0.666364 -0.104650 2.324439
-0.255961 0.277264 2.099799
-0.231943 0.049224 2.124217
-0.272803 -0.146623 2.110470
-0.284291 -0.190984 2.111479
-0.497680 -0.129079 2.254853
-0.480736 -0.439072 2.382441
-0.410784 -0.751935 2.463579
-0.444153 -0.813063 2.415165
-0.380185 -0.138629 2.220405
-0.297196 -0.469060 2.256693
-0.211664 -0.756782 2.405711
-0.221007 -0.816587 2.341302
-0.379191 0.311768 2.110380
-0.673097 -0.146326 2.338243
-0.643407 -0.105451 2.316715
-0.299578 -0.229018 2.109722
-0.309642 -0.192885 2.096583
