-0.187386 -0.132364 2.139455
-0.190122 0.152418 2.094936
-0.192696 0.429236 2.035300
-0.194546 0.544538 2.039202
-0.326350 0.290504 2.008120
-0.372996 0.068085 2.026735
-0.361576 -0.128763 1.982886
-0.350211 -0.182670 1.971362
-0.058719 0.301893 2.031235
0.076570 0.203179 1.903850
-0.041473 0.444096 1.870598
-0.062491 0.486470 1.843964
-0.247807 -0.132383 2.097600
-0.300609 -0.442147 2.235096
-0.305288 -0.767112 2.369630
-0.295073 -0.832256 2.300178
-0.120974 -0.128134 2.113633
-0.103656 -0.451903 2.282723
-0.123495 -0.768966 2.377841
-0.112833 -0.828099 2.303193
-0.191869 0.361398 2.052253
-0.339043 -0.238687 1.973787
-0.322745 -0.183310 1.945800
-0.073455 0.501475 1.838969
-0.087280 0.480327 1.888200
