-0.178456 -0.158632 2.120777
-0.186231 0.120556 2.051917
-0.192946 0.390767 1.969272
-0.161854 0.504231 1.960427
-0.314241 0.267136 1.951174
-0.361254 0.047463 1.961346
-0.340285 -0.148171 1.914741
-0.326438 -0.202804 1.894337
-0.046173 0.289491 2.044760
-0.004362 0.064765 2.138043
0.051498 -0.126718 2.136541
0.048824 -0.180698 2.118634
-0.232785 -0.158429 2.069474
-0.288080 -0.467457 2.148140
-0.272575 -0.796202 2.263588
-0.238916 -0.858119 2.199900
-0.118456 -0.153863 2.104505
-0.133058 -0.482890 2.271799
-0.157871 -0.795004 2.369170
-0.134069 -0.841335 2.288986
-0.191361 0.324492 1.992155
-0.316196 -0.255862 1.890196
-0.299099 -0.188483 1.904462
0.051730 -0.235459 2.118135
0.026168 -0.187437 2.102700
