0.609894 -0.131905 2.365413
0.639169 0.147921 2.267829
0.666109 0.429267 2.161075
0.679596 0.537748 2.199978
0.534854 0.296014 2.142834
0.491588 0.097461 2.123238
0.681117 0.020449 2.125146
0.719716 0.014835 2.120931
0.805682 0.315903 2.336114
0.964086 0.314623 2.432264
1.144592 0.364750 2.368522
1.192051 0.391216 2.334578
0.553443 -0.123981 2.306249
0.490326 -0.453467 2.274123
0.447640 -0.792893 2.339624
0.509428 -0.848666 2.283218
0.649464 -0.136013 2.358989
0.514192 -0.375195 2.485699
0.539886 -0.746805 2.522967
0.632355 -0.764079 2.516749
0.661193 0.361152 2.190844
0.765748 0.004303 2.137053
0.696485 0.043476 2.119600
1.232575 0.412083 2.316828
1.198545 0.372958 2.318631
