0.618455 -0.128940 2.375069
0.644968 0.149464 2.272656
0.668217 0.417838 2.163777
0.679003 0.525729 2.199173
0.534675 0.297180 2.143465
0.490810 0.098718 2.125096
0.683207 0.020062 2.127182
0.718672 0.014252 2.122519
0.810528 0.312481 2.352065
0.968002 0.293571 2.448378
1.151049 0.314500 2.374197
1.193534 0.323482 2.342659
0.562682 -0.122455 2.314002
0.490880 -0.453391 2.275054
0.447824 -0.792435 2.339663
0.509958 -0.848635 2.283846
0.657150 -0.131635 2.370811
0.520752 -0.373735 2.492561
0.551483 -0.741601 2.549908
0.644941 -0.765805 2.520099
0.661995 0.350387 2.191641
0.762709 0.006526 2.135581
0.718662 0.039014 2.115352
1.236106 0.314047 2.313373
1.176316 0.293339 2.336400
