-0.279687 -0.121735 2.315939
-0.244702 0.120691 2.212137
-0.182474 0.364948 2.079401
-0.248307 0.476846 2.081812
-0.395165 0.298896 2.182746
-0.479684 0.118563 2.267723
-0.604838 -0.033059 2.231835
-0.646565 -0.084837 2.199413
-0.083532 0.291464 2.114545
-0.060874 0.066699 2.180950
-0.080639 -0.143864 2.178845
-0.100812 -0.178554 2.173952
-0.334265 -0.114734 2.285576
-0.417576 -0.406982 2.375593
-0.458537 -0.728551 2.436809
-0.483129 -0.809964 2.363273
-0.217203 -0.125221 2.278849
-0.161954 -0.393282 2.405191
-0.117563 -0.718001 2.538822
-0.080146 -0.788074 2.481084
-0.196314 0.305903 2.112325
-0.675861 -0.117966 2.181612
-0.640621 -0.116727 2.206700
-0.103527 -0.221012 2.175963
-0.082814 -0.196011 2.165125
