-0.224654 -0.119579 2.182070
-0.230468 0.144394 2.112231
-0.234789 0.400056 2.031037
-0.211679 0.507514 2.005949
-0.370095 0.317692 2.026857
-0.473516 0.145959 1.994507
-0.307068 0.235267 1.915479
-0.268996 0.249902 1.912505
-0.100307 0.302378 1.999348
0.024963 0.183633 2.087684
-0.109036 0.227011 1.868211
-0.153238 0.235915 1.839439
-0.282488 -0.120393 2.140076
-0.335618 -0.440526 2.262352
-0.335768 -0.766225 2.395523
-0.330168 -0.826364 2.329693
-0.160128 -0.115022 2.157160
-0.130145 -0.420090 2.300896
-0.129721 -0.751567 2.407335
-0.111763 -0.821961 2.329656
-0.233985 0.337367 2.053404
-0.215453 0.264055 1.847543
-0.245038 0.254596 1.908333
-0.188801 0.247677 1.818862
-0.133398 0.257613 1.819097
