-0.188945 -0.138029 2.181504
-0.173102 0.115081 2.100363
-0.154071 0.358095 2.006963
-0.135542 0.473630 1.977082
-0.306907 0.296117 2.059248
-0.389639 0.136571 2.132333
-0.271674 0.126461 1.943106
-0.250201 0.127970 1.914233
0.005331 0.268726 2.029946
0.066119 0.075667 2.004359
-0.150958 0.106569 1.836808
-0.173895 0.099407 1.824792
-0.242765 -0.129727 2.153574
-0.308985 -0.442863 2.208349
-0.330631 -0.770083 2.377272
-0.328438 -0.835932 2.319552
-0.128413 -0.141657 2.143998
-0.109155 -0.440850 2.295531
-0.124320 -0.761044 2.410097
-0.108138 -0.830029 2.331835
-0.159092 0.298677 2.032725
-0.219290 0.121840 1.821633
-0.225234 0.142573 1.899556
-0.214945 0.106362 1.806781
-0.171755 0.072535 1.810241
