0.517762 -0.144764 2.306808
0.632478 0.168787 2.238682
0.739465 0.472769 2.159708
0.851468 0.550089 2.153698
0.633088 0.308202 2.076869
0.840412 0.154112 2.060155
1.041055 -0.010041 2.151488
1.082177 -0.035894 2.165613
0.850223 0.365751 2.281416
0.907598 0.123686 2.401624
1.031918 -0.006713 2.176413
1.067108 -0.027527 2.162209
0.468926 -0.130084 2.229490
0.544445 -0.492729 2.286859
0.582643 -0.858924 2.295014
0.641743 -0.913622 2.243308
0.550898 -0.155225 2.314852
0.490526 -0.508278 2.417338
0.545523 -0.829085 2.454204
0.643142 -0.858957 2.447452
0.713950 0.397992 2.181448
1.145937 -0.088837 2.198353
1.062994 -0.055561 2.147267
1.119791 -0.070462 2.164824
1.057653 -0.052446 2.142462
