-0.523487 -0.138022 2.384456
-0.535876 0.117740 2.226223
-0.544515 0.364444 2.054118
-0.590770 0.451592 1.981763
-0.689482 0.282567 2.171901
-0.707960 0.099450 2.269137
-0.673305 -0.065237 2.134199
-0.672112 -0.081784 2.135379
-0.397764 0.294363 2.103024
-0.310328 0.078432 2.162481
-0.325532 -0.126031 2.191454
-0.349151 -0.193486 2.202590
-0.589745 -0.134766 2.361229
-0.589954 -0.449652 2.322437
-0.584668 -0.796148 2.451063
-0.615055 -0.864340 2.393414
-0.441954 -0.136893 2.336274
-0.387706 -0.444154 2.330775
-0.397775 -0.798791 2.462292
-0.358503 -0.872119 2.391088
-0.542136 0.303805 2.101903
-0.664218 -0.117747 2.128368
-0.638608 -0.061715 2.117867
-0.357488 -0.277871 2.224078
-0.389692 -0.184427 2.192412
