-0.530680 -0.124345 2.368011
-0.544460 0.138080 2.220197
-0.554914 0.395801 2.060662
-0.600327 0.474156 1.983491
-0.708428 0.290706 2.182515
-0.716933 0.105842 2.267154
-0.670747 -0.068295 2.149470
-0.662906 -0.094440 2.129686
-0.405321 0.322688 2.106367
-0.317036 0.110733 2.159658
-0.338104 -0.121664 2.179951
-0.365529 -0.185087 2.183698
-0.596238 -0.123299 2.338364
-0.594958 -0.442006 2.332138
-0.587775 -0.797292 2.457125
-0.615595 -0.864035 2.398834
-0.449913 -0.121768 2.327257
-0.399044 -0.450347 2.344502
-0.398610 -0.796226 2.463534
-0.359358 -0.870774 2.391238
-0.552857 0.332329 2.102805
-0.650969 -0.142362 2.114700
-0.632872 -0.072181 2.111810
-0.374257 -0.270839 2.206121
-0.405358 -0.169654 2.169765
