0.048605 -0.183692 2.111167
0.061454 0.127497 2.029338
0.071556 0.428855 1.932809
0.151800 0.526900 1.925603
-0.007799 0.279882 1.841564
-0.031724 0.030721 1.823940
0.059362 -0.155002 1.860021
0.065507 -0.207666 1.903952
0.154807 0.283506 2.058762
0.163590 0.083770 2.242479
0.161657 -0.070366 2.370189
0.181790 -0.113404 2.374667
0.003108 -0.171205 2.047960
-0.122487 -0.459368 2.075010
-0.311793 -0.816088 2.255770
-0.319011 -0.898468 2.214517
0.092402 -0.189947 2.102838
0.114057 -0.502455 2.228110
0.173203 -0.827366 2.283951
0.248544 -0.887949 2.278368
0.068921 0.354963 1.959333
0.115484 -0.261494 1.905986
0.110193 -0.209694 1.855095
0.201425 -0.159929 2.405385
0.199932 -0.121788 2.338741
