0.559507 -0.170432 2.258482
0.645559 0.153979 2.179983
0.725660 0.468587 2.090633
0.822159 0.567807 2.086678
0.623538 0.314337 1.995730
0.657573 0.127853 1.887332
0.824600 0.123322 1.993226
0.859569 0.117784 2.029077
0.890433 0.285815 2.204422
1.062832 0.181121 2.221150
0.992374 0.405077 2.366254
1.001478 0.448913 2.392070
0.502486 -0.156469 2.196936
0.610189 -0.501873 2.181721
0.576423 -0.867730 2.249771
0.645479 -0.925517 2.194188
0.598882 -0.178642 2.252192
0.545105 -0.525578 2.361559
0.539164 -0.864281 2.414809
0.581445 -0.915949 2.324036
0.706616 0.391359 2.114937
0.893774 0.120358 2.053602
0.866831 0.147173 2.017000
1.023774 0.496186 2.364977
1.032717 0.442770 2.396584
