0.558460 -0.154229 2.271569
0.626124 0.177133 2.214485
0.686748 0.498648 2.144951
0.788134 0.592561 2.141798
0.601265 0.330833 2.052219
0.749332 0.169217 1.996599
0.906735 0.234877 2.096022
0.927544 0.246239 2.126178
0.884950 0.324119 2.438641
1.062014 0.349729 2.325684
0.860667 0.285052 2.338794
0.861202 0.288750 2.317099
0.510902 -0.139795 2.206746
0.584841 -0.495172 2.192214
0.574664 -0.872802 2.259632
0.647893 -0.925948 2.198501
0.588464 -0.163439 2.266070
0.523836 -0.518620 2.353069
0.539103 -0.845389 2.414512
0.633354 -0.863078 2.427292
0.672561 0.419738 2.164456
0.960591 0.262386 2.153681
0.961772 0.233996 2.132778
0.848585 0.282776 2.294235
0.848723 0.274609 2.278000
