0.069327 -0.129376 2.313158
-0.013926 0.067246 2.063853
-0.091416 0.263747 1.807417
-0.140843 0.313984 1.767638
-0.162274 0.197545 2.081356
-0.191207 0.035071 2.264722
-0.203505 -0.170092 2.284017
-0.200182 -0.165156 2.295428
0.055115 0.185487 1.889310
0.237265 0.040788 2.031487
0.318123 -0.100708 2.160008
0.337391 -0.140248 2.194273
0.013303 -0.119223 2.308419
-0.087374 -0.399037 2.439030
-0.065607 -0.779732 2.587003
-0.118267 -0.847675 2.540333
0.122327 -0.135491 2.246765
0.021696 -0.474562 2.228518
-0.005541 -0.837960 2.321304
0.002915 -0.892192 2.215291
-0.073002 0.214765 1.872919
-0.197976 -0.171126 2.291646
-0.194668 -0.162111 2.253000
0.342711 -0.204487 2.203734
0.309886 -0.153393 2.181741
