0.026822 -0.144362 2.401994
-0.049495 0.129751 2.274202
-0.113181 0.386137 2.129407
-0.188483 0.453798 2.088739
-0.173546 0.307017 2.303130
-0.141551 0.116358 2.491396
-0.116857 -0.084376 2.528653
-0.110348 -0.107842 2.522600
0.017754 0.294475 2.109353
0.174534 0.127288 2.039347
0.206068 -0.092477 2.052531
0.194106 -0.163798 2.063910
-0.023523 -0.163515 2.401221
-0.055671 -0.599907 2.357485
0.070506 -0.807276 2.614245
0.028486 -0.855938 2.568203
0.074617 -0.121639 2.330624
-0.054808 -0.454071 2.306742
-0.090223 -0.834624 2.363397
-0.177919 -0.863215 2.315403
-0.096753 0.324290 2.165031
-0.112810 -0.144975 2.545526
-0.096043 -0.113719 2.486588
0.160752 -0.222526 2.062686
0.224646 -0.168542 2.043562
