0.005223 -0.143507 2.358926
0.077861 0.113498 2.234817
0.148594 0.363588 2.098845
0.252499 0.440779 2.056854
0.000931 0.301122 2.079388
-0.161012 0.130724 2.084635
-0.139986 -0.105823 2.104037
-0.119224 -0.152687 2.126287
0.216044 0.260031 2.243222
0.254489 0.180690 2.451926
0.300962 0.043198 2.557685
0.324712 -0.040975 2.585857
-0.051236 -0.136087 2.299805
-0.136524 -0.470235 2.300005
-0.161972 -0.818517 2.346629
-0.170480 -0.894681 2.271039
0.061578 -0.146895 2.351849
0.038937 -0.445926 2.457921
0.037467 -0.768130 2.547725
0.073609 -0.855017 2.494555
0.131217 0.302137 2.134957
-0.116416 -0.214337 2.147874
-0.086047 -0.126356 2.172231
0.357621 -0.131064 2.611395
0.299508 -0.034821 2.541470
