-0.005659 -0.120718 2.402617
0.025449 0.124349 2.266964
0.054694 0.362536 2.118446
0.146294 0.441928 2.054925
-0.086996 0.295902 2.103004
-0.211846 0.121507 2.094637
-0.197238 -0.108768 2.101927
-0.191522 -0.191092 2.100278
0.183948 0.290243 2.266456
0.253549 0.155322 2.399452
0.316354 -0.010985 2.462539
0.341739 -0.069928 2.504717
-0.063315 -0.118802 2.346004
-0.092149 -0.429931 2.332232
-0.087900 -0.797519 2.452257
-0.082739 -0.876359 2.374580
0.051947 -0.118648 2.392706
0.086741 -0.416466 2.478990
0.076560 -0.773877 2.612023
0.131395 -0.832265 2.584006
0.047651 0.304070 2.157688
-0.177392 -0.250216 2.110667
-0.160521 -0.173780 2.113111
0.352335 -0.149413 2.519739
0.367655 -0.037704 2.502556
