-0.070258 -0.113635 2.337726
-0.075548 0.170262 2.253183
-0.083227 0.447086 2.156164
-0.143453 0.545297 2.121345
-0.199004 0.342060 2.273106
-0.243099 0.123527 2.376504
-0.305855 -0.053669 2.312920
-0.320295 -0.076375 2.312367
0.058575 0.343697 2.127967
0.158201 0.116580 2.143856
0.169377 -0.083358 2.144393
0.163466 -0.157821 2.145426
-0.130311 -0.110206 2.324156
-0.257517 -0.459111 2.324857
-0.363893 -0.802766 2.361629
-0.423266 -0.845223 2.303893
-0.008577 -0.113744 2.284252
0.044451 -0.386142 2.407048
0.049573 -0.751832 2.568585
0.072301 -0.849834 2.504835
-0.081146 0.378984 2.182558
-0.359913 -0.128949 2.299839
-0.248779 -0.107483 2.285250
0.164609 -0.224734 2.148652
0.192700 -0.163921 2.142467
