-0.539177 -0.172250 1.830657
-0.625422 0.094890 1.772877
-0.705515 0.353102 1.701914
-0.763837 0.476258 1.701815
-0.897973 0.406641 1.966045
-0.856476 0.137117 1.960293
-0.935377 -0.117916 1.954285
-1.010053 -0.172565 1.946979
-0.555271 0.237702 1.612611
-0.447302 -0.013732 1.582812
-0.461787 -0.210937 1.584044
-0.466380 -0.253690 1.607385
-0.560995 -0.162155 1.837686
-0.604774 -0.506908 1.968148
-0.596799 -0.922420 1.935269
-0.611273 -0.922743 2.022095
-0.499241 -0.176514 1.759819
-0.458785 -0.515089 1.800690
-0.473296 -0.887981 1.944057
-0.536105 -0.958829 1.927427
-0.686640 0.289741 1.721859
-1.073439 -0.218680 1.972756
-1.007763 -0.185019 1.880294
-0.493679 -0.319548 1.635715
-0.488964 -0.276003 1.564854
