-0.562369 -0.240929 2.140557
-0.659622 0.039561 2.036544
-0.751127 0.312669 1.921990
-0.850462 0.387645 1.871270
-0.822259 0.114320 2.109532
-0.948151 -0.033580 2.114972
-1.130166 -0.051958 2.165672
-1.128719 -0.068254 2.155737
-0.572439 0.241007 1.847575
-0.523405 0.063137 1.751567
-0.687583 -0.017433 1.670902
-0.733086 -0.018576 1.670010
-0.598880 -0.244421 2.144169
-0.645904 -0.547153 2.169971
-0.640898 -0.846876 2.208911
-0.700974 -0.901673 2.191980
-0.511506 -0.231321 2.070152
-0.399171 -0.495485 2.069354
-0.315555 -0.805596 2.303536
-0.284390 -0.891126 2.259977
-0.729285 0.245456 1.952474
-1.141365 -0.092606 2.212255
-1.117939 -0.051368 2.171714
-0.800484 -0.030934 1.681934
-0.764684 0.021821 1.684643
