-0.370110 -0.138546 2.160223
-0.388998 0.155700 2.093366
-0.405597 0.441253 2.013771
-0.372698 0.573232 1.984838
-0.520089 0.309993 1.949121
-0.566370 0.089008 1.942110
-0.425299 -0.113607 1.909528
-0.396493 -0.136387 1.916509
-0.266653 0.340252 2.114783
-0.228117 0.135257 2.203751
-0.168371 -0.043869 2.131872
-0.173486 -0.083010 2.123667
-0.422764 -0.143880 2.097389
-0.491073 -0.483612 2.092031
-0.577991 -0.855504 2.194077
-0.544237 -0.919004 2.125318
-0.305687 -0.129923 2.155782
-0.319533 -0.452006 2.287647
-0.340936 -0.798290 2.411978
-0.310010 -0.880625 2.335964
-0.401823 0.371139 2.035768
-0.350479 -0.166729 1.909349
-0.363709 -0.144196 1.873044
-0.158747 -0.139131 2.086524
-0.239536 -0.104773 2.147000
