-0.460805 -0.347718 2.748744
-0.403576 -0.141525 2.543107
-0.337208 0.068084 2.318698
-0.283720 0.147374 2.267188
-0.491953 0.014935 2.345063
-0.590530 -0.177350 2.419795
-0.539545 -0.405460 2.342548
-0.516906 -0.429294 2.338899
-0.198091 0.007426 2.447740
-0.126111 -0.168679 2.518493
-0.184711 -0.344475 2.413072
-0.204132 -0.390773 2.369087
-0.530679 -0.339892 2.693805
-0.561611 -0.446095 2.329540
-0.662942 -0.813766 2.478726
-0.655457 -0.874204 2.399271
-0.379115 -0.346625 2.733415
-0.200081 -0.409173 2.373472
-0.227118 -0.810244 2.501744
-0.167041 -0.861548 2.455448
-0.352728 0.017318 2.375241
-0.487431 -0.506347 2.287520
-0.478798 -0.439048 2.359867
-0.222679 -0.467116 2.326893
-0.249571 -0.375085 2.387846
