0.534465 -0.171158 2.370490
0.655437 0.168829 2.304626
0.770246 0.499129 2.227432
0.912504 0.529591 2.281703
0.648595 0.323354 2.134514
0.834696 0.119077 2.161605
1.010483 0.036011 2.259729
1.080426 0.011135 2.305201
0.831029 0.336595 2.367271
0.900529 0.083017 2.243878
1.088192 0.024932 2.288128
1.096878 -0.001611 2.314985
0.486882 -0.145666 2.312907
0.583423 -0.460428 2.287726
0.581335 -0.845388 2.363309
0.655359 -0.903361 2.289157
0.566743 -0.192102 2.358275
0.541452 -0.512588 2.354917
0.534701 -0.828661 2.498769
0.632902 -0.847241 2.503482
0.742326 0.417960 2.248588
1.129965 -0.030283 2.325504
1.045658 -0.018525 2.309882
1.135218 -0.031669 2.329373
1.063280 -0.030652 2.319462
