-0.146346 -0.117461 2.377194
-0.159899 0.180210 2.293435
-0.172095 0.468917 2.197039
-0.138089 0.597259 2.168546
-0.297421 0.337426 2.150211
-0.354074 0.085942 2.178417
-0.348378 -0.122974 2.182406
-0.331621 -0.176015 2.187517
-0.028502 0.374812 2.308345
0.053387 0.151820 2.415129
0.154421 -0.029728 2.429271
0.182990 -0.093898 2.436606
-0.205994 -0.118652 2.314832
-0.276402 -0.473891 2.305280
-0.322216 -0.828383 2.325552
-0.324554 -0.889974 2.218798
-0.082417 -0.112820 2.368060
-0.102444 -0.402618 2.530194
-0.125780 -0.743849 2.673877
-0.067008 -0.815998 2.648609
-0.169271 0.398078 2.223366
-0.324553 -0.255717 2.201865
-0.286021 -0.167674 2.184741
0.189902 -0.140894 2.452363
0.208160 -0.080412 2.424500
