-0.234862 -0.142247 2.213058
-0.258129 0.156438 2.135013
-0.279120 0.445586 2.044167
-0.238249 0.573857 2.012881
-0.392565 0.310823 1.979524
-0.435806 0.078610 1.943789
-0.386782 -0.132451 1.896990
-0.384828 -0.203023 1.875419
-0.138855 0.340348 2.157747
-0.098352 0.087907 2.214662
-0.029522 -0.108290 2.176064
-0.018219 -0.139414 2.187515
-0.289151 -0.150044 2.149776
-0.339364 -0.458592 2.201401
-0.334592 -0.824262 2.312448
-0.332690 -0.901654 2.228430
-0.173094 -0.129889 2.205204
-0.090511 -0.429955 2.259309
-0.092936 -0.790556 2.487743
-0.030093 -0.838599 2.448297
-0.274261 0.374712 2.069100
-0.365372 -0.265434 1.877395
-0.348969 -0.207238 1.856944
0.001591 -0.210704 2.188865
0.010071 -0.141869 2.164688
