-0.457533 -0.138776 2.158095
-0.466363 0.165242 2.106378
-0.472485 0.461686 2.041711
-0.460620 0.602992 2.033226
-0.593110 0.320557 2.029062
-0.637756 0.328571 1.810866
-0.475458 0.465512 1.816728
-0.439894 0.503874 1.847946
-0.307328 0.342966 2.065941
-0.239177 0.102872 2.097329
-0.202871 -0.103264 2.070222
-0.210238 -0.148075 2.065300
-0.522935 -0.142133 2.115298
-0.535715 -0.439288 2.239650
-0.542585 -0.810914 2.409015
-0.604206 -0.872057 2.358800
-0.377138 -0.131221 2.130067
-0.333885 -0.454306 2.178378
-0.327347 -0.831266 2.273360
-0.326976 -0.899003 2.194875
-0.471371 0.388827 2.059879
-0.385452 0.542998 1.840369
-0.429006 0.515392 1.908648
-0.213604 -0.219296 2.059685
-0.244425 -0.151576 2.066616
