-0.449141 -0.161109 2.088163
-0.442998 0.126438 2.012117
-0.433276 0.404934 1.923869
-0.475326 0.522665 1.869836
-0.592761 0.302603 2.000352
-0.626609 0.094507 2.092141
-0.615340 -0.075523 1.957813
-0.594147 -0.095137 1.934926
-0.288144 0.302300 1.912053
-0.212520 0.093407 1.938115
-0.255429 -0.135525 1.901460
-0.274140 -0.183443 1.891476
-0.516094 -0.157946 2.065802
-0.559873 -0.492868 2.124889
-0.619359 -0.839350 2.184915
-0.674115 -0.908940 2.136500
-0.367582 -0.159255 2.043347
-0.273726 -0.460307 2.177196
-0.227879 -0.827923 2.349072
-0.209705 -0.892167 2.277735
-0.436229 0.336654 1.948057
-0.587688 -0.143156 1.904227
-0.561949 -0.127873 1.932692
-0.306965 -0.253107 1.893682
-0.243670 -0.194761 1.902643
