0.129022 -0.156091 2.213292
0.149866 0.155569 2.132970
0.179896 0.459750 2.045112
0.270005 0.553763 2.045927
0.098646 0.305415 1.945770
0.143407 0.060721 1.891645
0.273605 -0.094246 1.930960
0.319076 -0.117282 1.958304
0.284954 0.332381 2.166976
0.311215 0.224380 2.408490
0.418212 0.182734 2.568642
0.492982 0.174543 2.632363
0.076351 -0.154779 2.166721
0.095248 -0.481939 2.160977
0.084819 -0.849512 2.251674
0.151944 -0.906531 2.231447
0.178174 -0.163179 2.195160
0.242828 -0.405351 2.418553
0.043165 -0.794156 2.504595
0.110571 -0.841424 2.425188
0.171484 0.384475 2.068865
0.373178 -0.160945 1.985242
0.335052 -0.093192 1.944600
0.524693 0.156288 2.666157
0.498167 0.199426 2.569857
