0.187719 -0.137884 2.416736
0.279657 0.155657 2.352185
0.368123 0.440612 2.278143
0.459729 0.529194 2.271446
0.229530 0.351136 2.198492
0.083690 0.202806 2.136342
0.165105 -0.045948 2.113015
0.148296 -0.080693 2.147645
0.472331 0.313833 2.399780
0.499797 0.198817 2.637937
0.639054 0.113060 2.752458
0.690743 0.099621 2.775261
0.135985 -0.121099 2.343552
0.086621 -0.450824 2.256025
0.062525 -0.821649 2.280805
0.099853 -0.892138 2.207655
0.233539 -0.149834 2.419426
0.244968 -0.443823 2.554176
0.205784 -0.766548 2.659418
0.276249 -0.823734 2.637327
0.346524 0.370767 2.298647
0.122771 -0.147786 2.188677
0.174791 -0.103504 2.120000
0.738791 0.038188 2.832266
0.651649 0.081835 2.759000
