0.185355 -0.127446 2.431189
0.278162 0.161934 2.364587
0.367095 0.443214 2.286546
0.458825 0.531604 2.276948
0.220495 0.361003 2.219367
0.072904 0.212946 2.162234
0.187146 0.008946 2.134852
0.205179 -0.018585 2.137432
0.471306 0.316443 2.408184
0.488736 0.171990 2.632737
0.647600 0.062394 2.695591
0.657930 0.085324 2.680367
0.131193 -0.109351 2.364019
0.064883 -0.437789 2.282196
0.013695 -0.817478 2.304887
0.040297 -0.881999 2.225940
0.233436 -0.141740 2.428006
0.234158 -0.438374 2.559732
0.203115 -0.771162 2.664665
0.268678 -0.822791 2.644210
0.345447 0.374117 2.308120
0.234864 -0.057342 2.148634
0.224661 0.001168 2.145053
0.696904 0.033525 2.708404
0.692575 0.133846 2.672555
