-0.163236 -0.184442 1.990303
-0.200733 0.149162 1.929191
-0.237022 0.470549 1.854849
-0.325869 0.569469 1.863108
-0.268091 0.268815 1.693835
-0.304412 -0.009089 1.744017
-0.373902 -0.046919 2.000258
-0.405716 -0.153618 2.159084
-0.157100 0.306815 1.752001
-0.156594 0.023576 1.717213
-0.245195 -0.164928 1.745162
-0.277193 -0.234636 1.787231
-0.223788 -0.190281 1.974904
-0.224831 -0.599181 2.095206
-0.144346 -0.890483 2.210885
-0.231091 -0.901875 2.121756
-0.096538 -0.171488 1.931025
-0.320585 -0.518825 1.970914
-0.343472 -0.890597 2.071198
-0.395557 -0.944792 2.045892
-0.228218 0.391997 1.875697
-0.410144 -0.169502 2.156782
-0.404891 -0.135458 2.144125
-0.315885 -0.298783 1.810497
-0.319270 -0.243068 1.757661
