-0.516381 -0.414844 2.568757
-0.509894 -0.122273 2.586592
-0.498464 0.163701 2.589947
-0.501595 0.266748 2.571385
-0.669763 0.061850 2.571404
-0.727169 -0.169723 2.500720
-0.566459 -0.196729 2.327762
-0.516302 -0.200278 2.279006
-0.329913 0.066955 2.566227
-0.318807 -0.148380 2.506855
-0.436935 -0.251398 2.359189
-0.509355 -0.228450 2.275912
-0.588481 -0.410823 2.534100
-0.525580 -0.703928 2.121135
-0.506023 -0.942944 2.162199
-0.517057 -0.899614 2.027562
-0.429200 -0.407065 2.531414
-0.405524 -0.481404 2.171478
-0.535698 -0.774751 1.980487
-0.562988 -0.801862 1.854407
-0.501516 0.093261 2.591735
-0.513279 -0.216502 2.213151
-0.523376 -0.161339 2.256063
-0.520683 -0.249840 2.217470
-0.509538 -0.195481 2.246706
