-0.460840 -0.152804 1.957953
-0.604359 0.143929 1.878255
-0.732091 0.431697 1.789566
-0.789172 0.529692 1.801407
-0.902900 0.335651 1.940042
-0.842047 0.065047 2.004317
-0.889455 -0.170278 1.844706
-0.901059 -0.204238 1.857717
-0.606958 0.272422 1.674688
-0.698438 0.002035 1.678246
-0.826602 -0.149792 1.781655
-0.886493 -0.193242 1.836207
-0.472251 -0.164465 1.962090
-0.452311 -0.537080 2.149094
-0.480425 -0.878247 2.252222
-0.570246 -0.912260 2.219082
-0.432277 -0.135493 1.881213
-0.533819 -0.535549 1.915367
-0.537985 -0.882246 2.019144
-0.613338 -0.935121 1.993829
-0.701757 0.362466 1.813136
-0.920357 -0.243593 1.884769
-0.883884 -0.183660 1.809824
-0.932158 -0.234793 1.872373
-0.913031 -0.193106 1.820450
