-0.572088 -0.157038 1.925621
-0.561666 0.172220 1.879977
-0.547999 0.492233 1.817890
-0.571077 0.604338 1.828586
-0.719935 0.395859 1.968427
-0.649166 0.136513 1.847371
-0.582764 0.203652 1.590841
-0.574435 0.263214 1.592232
-0.499331 0.314256 1.705802
-0.662701 0.211331 1.559168
-0.839033 0.389666 1.667430
-0.868564 0.421569 1.684094
-0.609810 -0.150099 1.926494
-0.495447 -0.505118 2.142505
-0.493625 -0.870518 2.240400
-0.553284 -0.905672 2.162724
-0.513916 -0.153032 1.845572
-0.582033 -0.515310 1.933344
-0.546839 -0.884728 2.026933
-0.619801 -0.940690 1.993185
-0.552010 0.414205 1.835994
-0.540333 0.319970 1.601507
-0.505408 0.263150 1.613297
-0.884567 0.479871 1.744353
-0.815378 0.399078 1.689095
