-0.143370 -0.106710 2.216720
-0.169507 0.203866 2.157270
-0.193832 0.503641 2.084361
-0.162043 0.614662 2.069000
-0.348355 0.372468 2.048792
-0.423344 0.100024 2.070895
-0.480360 -0.099692 2.031295
-0.500280 -0.179735 2.012494
-0.002156 0.390311 2.158783
0.055715 0.147835 2.220900
0.091446 -0.058916 2.194777
0.099027 -0.132061 2.204733
-0.217031 -0.110313 2.154637
-0.255750 -0.488339 2.276328
-0.265449 -0.830438 2.368044
-0.261371 -0.889089 2.281824
-0.065001 -0.099531 2.204150
-0.057260 -0.466826 2.330500
-0.045267 -0.807497 2.439036
0.002983 -0.868701 2.363093
-0.188053 0.430265 2.104899
-0.501437 -0.233185 1.984034
-0.472708 -0.199184 2.025267
0.110817 -0.199535 2.201321
0.061372 -0.137083 2.189000
