-0.209967 -0.121428 2.177318
-0.240062 0.187641 2.108463
-0.267543 0.485971 2.026089
-0.234208 0.594876 2.009690
-0.414370 0.352954 1.976687
-0.495587 0.079794 1.995877
-0.539957 -0.124980 1.945251
-0.540773 -0.197926 1.924446
-0.083323 0.380023 2.125518
-0.019914 0.140934 2.215655
0.048035 -0.058097 2.203370
0.056978 -0.128128 2.200565
-0.279095 -0.125962 2.109568
-0.294369 -0.496984 2.243290
-0.266962 -0.831075 2.366716
-0.252835 -0.899161 2.310044
-0.133633 -0.112766 2.170552
-0.092334 -0.476719 2.283855
-0.062895 -0.818123 2.411884
0.002854 -0.876693 2.352713
-0.261103 0.412955 2.048986
-0.528883 -0.253064 1.890307
-0.503643 -0.212192 1.941402
0.064569 -0.193901 2.200621
0.023136 -0.138233 2.177870
