0.013489 -0.143064 2.099099
-0.012357 0.173931 2.024979
-0.037790 0.479600 1.936762
0.025569 0.582974 1.930035
-0.158003 0.332590 1.855940
-0.215391 0.056977 1.837062
-0.194655 -0.149392 1.789115
-0.176263 -0.221464 1.771477
0.112109 0.372274 2.085236
0.174814 0.117973 2.185420
0.219444 -0.086831 2.185490
0.210123 -0.152756 2.180033
-0.048544 -0.146376 2.014766
-0.105301 -0.502586 2.093448
-0.119820 -0.856584 2.225172
-0.110015 -0.924781 2.141887
0.075165 -0.134965 2.108598
0.049010 -0.479430 2.275979
-0.030238 -0.825191 2.384054
0.015899 -0.881129 2.330813
-0.031518 0.404855 1.961154
-0.159284 -0.293186 1.775659
-0.211355 -0.237719 1.791373
0.214261 -0.214773 2.183680
0.182244 -0.146552 2.153250
