-0.341866 -0.190823 1.957779
-0.379206 0.169359 1.922352
-0.413632 0.516125 1.873558
-0.455197 0.617235 1.910494
-0.506440 0.300484 1.778391
-0.638111 0.067352 1.834065
-0.786243 -0.037089 1.919630
-0.858305 -0.039996 1.988002
-0.272925 0.351902 1.827529
-0.136298 0.146933 1.959906
-0.080362 -0.029652 2.052152
-0.106477 -0.065950 2.082211
-0.413848 -0.200441 1.907209
-0.431891 -0.558829 2.024107
-0.502379 -0.900678 2.112661
-0.390161 -0.901171 2.100565
-0.257204 -0.174116 1.934959
-0.214756 -0.568297 2.019007
-0.179985 -0.916611 2.066288
-0.160100 -0.955306 1.958353
-0.405588 0.431336 1.887936
-0.909333 -0.086297 2.037767
-0.871786 -0.011428 1.969539
-0.122819 -0.106720 2.105446
-0.124531 -0.068049 2.049500
