-0.189246 -0.143710 1.966243
-0.210115 0.149869 1.913465
-0.229113 0.432233 1.847289
-0.210393 0.528012 1.811092
-0.403427 0.334031 1.841842
-0.563071 0.156440 1.890991
-0.479425 -0.040862 1.867090
-0.439421 -0.080666 1.868214
-0.055835 0.349391 1.876549
0.107519 0.247361 1.763137
-0.006071 0.412961 1.683785
-0.070160 0.463771 1.672122
-0.269909 -0.146822 1.914074
-0.278971 -0.519124 2.028342
-0.277847 -0.871031 2.159028
-0.278090 -0.924206 2.080426
-0.101623 -0.135147 1.943915
-0.065581 -0.496793 2.046621
-0.056619 -0.857183 2.238837
-0.013047 -0.911766 2.188624
-0.224707 0.363258 1.866133
-0.393252 -0.161367 1.877902
-0.404254 -0.035080 1.892500
-0.111139 0.505521 1.645136
-0.089955 0.451048 1.712680
