-0.205271 -0.145017 1.959992
-0.231946 0.148886 1.907547
-0.256437 0.431685 1.841892
-0.233650 0.525995 1.805830
-0.425300 0.328486 1.828210
-0.582884 0.151985 1.875604
-0.502283 -0.046793 1.855609
-0.454697 -0.085913 1.855846
-0.080460 0.348241 1.876853
0.086910 0.251230 1.764931
0.015069 0.345716 1.718825
-0.028396 0.400574 1.696387
-0.285601 -0.150062 1.905533
-0.289202 -0.519165 2.021132
-0.277248 -0.871284 2.155932
-0.276199 -0.924533 2.081132
-0.117335 -0.134547 1.939932
-0.073627 -0.502166 2.028330
-0.079913 -0.867658 2.202052
-0.019182 -0.920170 2.162330
-0.250709 0.362593 1.860579
-0.408727 -0.167379 1.872735
-0.426045 -0.041309 1.889313
-0.089067 0.461108 1.664329
-0.087721 0.439004 1.703219
