0.169123 -0.172049 1.887993
0.199960 0.123730 1.810383
0.230303 0.406077 1.721062
0.257639 0.506697 1.686633
0.039400 0.339266 1.765620
-0.123255 0.203196 1.878806
-0.085216 -0.007568 1.866404
-0.050956 -0.056276 1.875533
0.417135 0.298023 1.748191
0.541707 0.123126 1.835464
0.438124 -0.065262 1.827735
0.382077 -0.105784 1.813931
0.083825 -0.159520 1.854339
-0.014964 -0.534848 1.966631
-0.088483 -0.887134 2.086452
-0.110604 -0.938881 2.014359
0.247629 -0.177534 1.849511
0.226844 -0.536181 1.967766
0.211370 -0.896781 2.076157
0.220257 -0.956817 2.021537
0.222823 0.337442 1.746082
-0.028527 -0.138980 1.856590
-0.003828 -0.020470 1.852391
0.344835 -0.188927 1.812675
0.331003 -0.072892 1.770920
