0.557724 -0.122535 2.245029
0.535967 0.218684 2.180923
0.511576 0.548228 2.103823
0.519836 0.654811 2.124958
0.495738 0.378160 2.012951
0.713724 0.356246 1.917103
0.724599 0.549964 1.983904
0.720229 0.614720 2.022922
0.622781 0.346374 1.996700
0.812641 0.385335 1.904105
0.690556 0.596363 2.035234
0.677764 0.644470 2.055265
0.461508 -0.118019 2.211532
0.495712 -0.453821 2.257684
0.425097 -0.847946 2.324804
0.505597 -0.898160 2.281704
0.636296 -0.122911 2.205406
0.439811 -0.403861 2.462284
0.603857 -0.794477 2.581103
0.582048 -0.839026 2.473044
0.518200 0.467524 2.125352
0.705990 0.671402 2.039170
0.759712 0.610707 2.001083
0.596826 0.660034 2.067558
0.599499 0.632616 2.051167
