0.483170 -0.112910 2.237504
0.550395 0.214009 2.152285
0.612089 0.529783 2.053809
0.707485 0.599844 2.081088
0.548816 0.354392 1.935115
0.578272 0.112492 1.880918
0.757526 0.095912 1.967713
0.778644 0.135829 2.008717
0.410809 0.387317 1.864834
0.602859 0.286033 2.026360
0.845043 0.158826 2.076818
0.926849 0.117008 2.097493
0.548542 -0.112383 2.139874
0.546654 -0.489403 2.225435
0.469921 -0.850879 2.328724
0.551802 -0.899649 2.294917
0.402171 -0.109927 2.261555
0.587867 -0.476756 2.392843
0.668271 -0.826544 2.599509
0.711652 -0.874978 2.554715
0.597566 0.452465 2.080653
0.796228 0.158829 2.037464
0.780373 0.101467 1.989429
0.918983 0.113924 2.102264
0.925282 0.121125 2.062990
