0.268062 -0.230240 1.836595
0.260848 0.125901 1.781197
0.251203 0.468398 1.710978
0.225091 0.578770 1.730240
0.138716 0.273889 1.613873
0.078464 -0.008328 1.624542
0.044416 -0.224975 1.707652
0.025400 -0.289236 1.716544
0.292536 0.300366 1.643638
0.401494 0.051394 1.719215
0.441564 -0.105078 1.838889
0.468834 -0.182178 1.811559
0.185743 -0.236696 1.781312
0.197565 -0.615690 1.889257
0.174572 -0.954662 1.948907
0.083425 -0.977302 1.964424
0.339365 -0.214805 1.817981
0.401079 -0.615965 1.963768
0.419175 -0.924465 2.059891
0.429905 -0.964510 1.953182
0.253975 0.384789 1.730851
0.038675 -0.350302 1.720909
0.007004 -0.327700 1.667555
0.471771 -0.206672 1.807914
0.447733 -0.181844 1.771714
