-0.161598 -0.117772 2.218416
-0.159025 0.145038 2.145127
-0.155626 0.400089 2.059201
-0.168311 0.509764 2.046469
-0.281484 0.311238 2.128117
-0.316959 0.108592 2.241408
-0.330837 -0.072509 2.245522
-0.329345 -0.108847 2.233219
-0.016476 0.287317 2.057067
0.057247 0.075390 2.120564
0.006567 -0.122901 2.082804
-0.024080 -0.157459 2.078043
-0.216254 -0.116482 2.199196
-0.186196 -0.454448 2.330684
-0.171595 -0.749268 2.470932
-0.202335 -0.814220 2.455239
-0.102175 -0.115615 2.172285
-0.055947 -0.463102 2.236880
-0.069437 -0.786381 2.324837
-0.111776 -0.843950 2.276203
-0.156621 0.337482 2.082892
-0.313395 -0.183688 2.238075
-0.305352 -0.118742 2.190600
-0.050786 -0.223951 2.090062
-0.054623 -0.134700 2.056161
