-0.525098 -0.150482 2.266596
-0.441365 0.095304 2.150683
-0.355138 0.333544 2.022690
-0.273878 0.399755 2.053746
-0.485404 0.239299 1.977314
-0.557566 0.050660 1.961550
-0.489593 -0.111801 1.986468
-0.476516 -0.176202 2.026046
-0.279252 0.230653 2.141838
-0.304864 0.029024 2.258308
-0.236654 -0.164576 2.253931
-0.209990 -0.207686 2.241147
-0.560918 -0.140624 2.200128
-0.563079 -0.458933 2.203560
-0.565641 -0.767327 2.331517
-0.503510 -0.825465 2.311681
-0.474173 -0.157396 2.271408
-0.413617 -0.496979 2.447931
-0.387231 -0.777916 2.551815
-0.295324 -0.759241 2.510936
-0.376997 0.275123 2.056740
-0.460792 -0.241515 2.046534
-0.451410 -0.170145 1.985730
-0.177776 -0.271077 2.223239
-0.207047 -0.232878 2.204667
