-0.189818 -0.114425 2.247838
-0.213004 0.155843 2.179910
-0.234252 0.418644 2.100493
-0.197381 0.534042 2.088460
-0.364267 0.303549 2.093762
-0.387483 0.076792 2.116306
-0.356454 -0.119477 2.092023
-0.346316 -0.159116 2.099099
-0.081002 0.320549 2.179981
-0.037255 0.111104 2.285389
0.000613 -0.083792 2.287521
-0.000432 -0.148803 2.280112
-0.250727 -0.117920 2.199418
-0.313306 -0.423892 2.292532
-0.309237 -0.743129 2.417930
-0.285561 -0.809753 2.358082
-0.123542 -0.107689 2.232193
-0.153607 -0.439530 2.402827
-0.160225 -0.732473 2.494640
-0.144109 -0.795887 2.421486
-0.229157 0.354060 2.122402
-0.338322 -0.218620 2.105550
-0.315741 -0.166607 2.088683
-0.000405 -0.214550 2.288041
0.021613 -0.138627 2.268455
