-0.338144 -0.096762 2.267761
-0.345352 0.163717 2.205935
-0.349823 0.416964 2.132621
-0.340324 0.535337 2.119356
-0.486632 0.302855 2.143969
-0.545968 0.086818 2.211420
-0.544407 -0.092015 2.196948
-0.528532 -0.148122 2.198573
-0.190880 0.325488 2.169172
-0.152080 0.093815 2.223228
-0.132052 -0.092096 2.215764
-0.138323 -0.154020 2.221320
-0.391641 -0.099810 2.229267
-0.478813 -0.387948 2.348906
-0.504656 -0.718833 2.459193
-0.553916 -0.799327 2.413661
-0.274936 -0.090944 2.241546
-0.202647 -0.424640 2.359333
-0.149308 -0.746160 2.448593
-0.127275 -0.813721 2.363556
-0.349139 0.354731 2.152996
-0.530829 -0.215199 2.221447
-0.491215 -0.131318 2.191100
-0.135342 -0.222775 2.236056
-0.101779 -0.174567 2.211111
