-0.259436 -0.167266 2.071444
-0.233982 0.094927 1.984838
-0.208554 0.349429 1.886405
-0.251328 0.457014 1.889507
-0.357407 0.239773 1.971673
-0.425132 0.074569 2.123034
-0.528047 -0.072294 2.122309
-0.545203 -0.125615 2.102478
-0.099392 0.238161 1.874012
-0.026092 0.017951 1.923813
-0.055149 -0.160261 1.923464
-0.083179 -0.199534 1.926794
-0.309231 -0.159267 2.054163
-0.412066 -0.453992 2.162159
-0.485304 -0.775508 2.321081
-0.516397 -0.836681 2.274442
-0.201711 -0.170045 2.023915
-0.132448 -0.466465 2.142147
-0.123684 -0.796961 2.260086
-0.104707 -0.855058 2.189041
-0.215003 0.286998 1.913038
-0.541402 -0.183354 2.085430
-0.525832 -0.113517 2.057231
-0.094136 -0.256847 1.943285
-0.064195 -0.217428 1.927750
