-0.003775 -0.141815 2.172502
0.015279 0.126480 2.106086
0.033586 0.387009 2.028098
0.033130 0.493299 2.005360
-0.112852 0.288081 2.104104
-0.155796 0.081340 2.177184
-0.174331 -0.099382 2.150453
-0.157378 -0.122216 2.131773
0.172134 0.259098 2.023988
0.212082 0.043996 2.076165
0.167765 -0.132682 2.052335
0.130780 -0.183759 2.043114
-0.063117 -0.135574 2.151261
-0.065792 -0.414347 2.326560
-0.026623 -0.740984 2.488703
-0.067504 -0.809019 2.425958
0.055540 -0.143816 2.128428
0.131148 -0.486205 2.246584
0.166050 -0.790019 2.319442
0.168864 -0.848231 2.237576
0.029109 0.323033 2.049651
-0.154334 -0.181928 2.134251
-0.109969 -0.109071 2.074035
0.121025 -0.230603 2.040844
0.107079 -0.170571 2.014126
