-0.497534 -0.147191 2.323613
-0.550702 0.100340 2.180420
-0.593723 0.341562 2.025755
-0.608420 0.462779 2.031981
-0.696890 0.191841 2.053789
-0.677889 -0.011749 2.068974
-0.836509 -0.121295 2.093861
-0.884958 -0.135201 2.070890
-0.460329 0.270297 2.067075
-0.631569 0.061565 2.055953
-0.830977 -0.109688 2.090990
-0.872186 -0.131264 2.072413
-0.545534 -0.174083 2.274223
-0.521468 -0.468021 2.446166
-0.506963 -0.752129 2.487201
-0.564599 -0.800984 2.427730
-0.435825 -0.115634 2.310067
-0.281553 -0.491963 2.324855
-0.138135 -0.739083 2.422741
-0.122598 -0.802938 2.366123
-0.584222 0.282281 2.066322
-0.950119 -0.163365 2.088677
-0.855128 -0.164096 2.098250
-0.947327 -0.164143 2.086680
-0.898934 -0.105819 2.047539
