-0.504597 -0.116150 2.300208
-0.511673 0.128539 2.165794
-0.505275 0.366834 2.022737
-0.553369 0.483549 2.035767
-0.611796 0.306954 2.019424
-0.495368 0.058325 2.010797
-0.637870 -0.146067 2.032688
-0.659923 -0.185385 2.027843
-0.408701 0.276872 2.047812
-0.478196 0.029530 2.025915
-0.595682 -0.135606 2.029659
-0.644879 -0.175543 2.028654
-0.556839 -0.120901 2.265635
-0.530520 -0.447382 2.436844
-0.508193 -0.730185 2.483434
-0.562491 -0.795688 2.433141
-0.438641 -0.104929 2.262851
-0.299406 -0.477620 2.324388
-0.171099 -0.718852 2.427274
-0.135942 -0.800433 2.379972
-0.506685 0.309168 2.060265
-0.698670 -0.223664 2.035563
-0.634384 -0.199377 2.000000
-0.691524 -0.226325 2.031404
-0.666451 -0.159301 2.000125
