-0.327218 -0.127882 2.185912
-0.340073 0.132330 2.127674
-0.350029 0.385484 2.058497
-0.334166 0.503407 2.024510
-0.489832 0.278738 2.070198
-0.548133 0.090479 2.094550
-0.378684 0.148511 1.917298
-0.288651 0.158193 1.852682
-0.195341 0.305317 2.099333
-0.101515 0.116718 2.067327
-0.222145 0.147675 1.862751
-0.274294 0.155892 1.851628
-0.387185 -0.129426 2.152561
-0.436726 -0.414887 2.266819
-0.430297 -0.752093 2.416864
-0.469710 -0.815003 2.367707
-0.257664 -0.122655 2.155788
-0.187201 -0.443492 2.284700
-0.124367 -0.752738 2.386672
-0.110914 -0.824522 2.313225
-0.347982 0.323248 2.077761
-0.246837 0.166075 1.838072
-0.275051 0.123097 1.851000
-0.312809 0.164999 1.846900
-0.249125 0.169045 1.824903
