-0.508182 -0.177820 2.170677
-0.532626 0.081616 2.047509
-0.557969 0.335150 1.912735
-0.628123 0.444503 1.928910
-0.665237 0.177392 1.964661
-0.743987 0.046162 2.160010
-0.856080 -0.036831 2.010985
-0.887240 -0.096345 1.927095
-0.453035 0.246144 1.920670
-0.550525 0.032457 1.863450
-0.740373 -0.060841 1.864843
-0.804015 -0.085259 1.866246
-0.562179 -0.189584 2.140188
-0.568174 -0.458010 2.267098
-0.552503 -0.767972 2.329931
-0.602476 -0.836399 2.284749
-0.443081 -0.160941 2.138397
-0.282449 -0.480488 2.204283
-0.153709 -0.770917 2.326868
-0.116694 -0.826039 2.286092
-0.552170 0.272925 1.948388
-0.875584 -0.121548 1.881001
-0.814277 -0.121289 1.931769
-0.861699 -0.121089 1.875030
-0.838914 -0.062350 1.872778
