0.041158 -0.063798 2.490115
0.069662 0.204591 2.409072
0.100896 0.470014 2.321801
0.144631 0.583500 2.342549
-0.006445 0.352137 2.276645
-0.040095 0.135012 2.259169
0.012322 -0.059427 2.271637
-0.001183 -0.102823 2.301526
0.210382 0.397404 2.394996
0.178373 0.326789 2.195635
0.199977 0.178974 2.410314
0.151027 0.108909 2.417624
-0.011833 -0.044947 2.413702
0.030846 -0.351960 2.420251
0.117128 -0.708416 2.471210
0.184207 -0.769449 2.446814
0.095516 -0.078811 2.503875
0.025484 -0.419912 2.445475
-0.044444 -0.695044 2.702041
-0.015237 -0.753632 2.672052
0.094215 0.404604 2.345300
0.013879 -0.161282 2.315159
-0.006665 -0.122041 2.257850
0.158285 0.069726 2.418229
0.152022 0.059301 2.397500
