-0.191403 -0.116378 2.250102
-0.212493 0.154509 2.181786
-0.231922 0.417460 2.103198
-0.193094 0.533972 2.092448
-0.364324 0.304584 2.094529
-0.394082 0.080331 2.117659
-0.377206 -0.116337 2.097114
-0.361012 -0.160533 2.098208
-0.081917 0.319057 2.180930
-0.037627 0.106789 2.287754
-0.003054 -0.087649 2.279796
0.000568 -0.150608 2.262549
-0.251766 -0.119572 2.202085
-0.309611 -0.426744 2.295165
-0.308868 -0.745101 2.418191
-0.284559 -0.811409 2.358144
-0.125641 -0.109858 2.234108
-0.152805 -0.441029 2.401556
-0.160114 -0.731914 2.494726
-0.143640 -0.798181 2.421062
-0.227266 0.352819 2.124758
-0.356901 -0.221316 2.110450
-0.331864 -0.168291 2.076174
0.001035 -0.214030 2.269307
0.022564 -0.150692 2.244959
