-0.320521 -0.101735 2.446565
-0.300897 0.188463 2.390768
-0.268704 0.462241 2.315448
-0.222037 0.557283 2.385259
-0.329606 0.341948 2.273331
-0.286994 0.100994 2.258057
-0.231721 -0.095292 2.310045
-0.236772 -0.132034 2.343215
-0.213041 0.401968 2.457544
-0.193775 0.220446 2.531995
-0.197149 0.038480 2.678580
-0.220126 -0.049443 2.815297
-0.340265 -0.097210 2.394470
-0.342040 -0.396205 2.477765
-0.458956 -0.725958 2.544342
-0.395209 -0.779331 2.506831
-0.285932 -0.103685 2.435517
-0.222673 -0.319415 2.733727
-0.229356 -0.668917 2.872046
-0.138476 -0.678238 2.861806
-0.274431 0.394033 2.336452
-0.217369 -0.186404 2.367150
-0.277230 -0.140640 2.342542
-0.216511 -0.058821 2.813438
-0.218762 -0.062076 2.796989
