-0.069020 -0.202944 2.144443
-0.072628 0.108180 2.098670
-0.076332 0.409408 2.040430
-0.059444 0.542587 2.006401
-0.226582 0.298382 2.036290
-0.286132 0.027629 2.081016
-0.292389 -0.209369 2.060521
-0.285702 -0.252718 2.076594
0.079104 0.299705 2.070680
0.129557 0.036542 2.140586
0.152628 -0.199420 2.135231
0.146846 -0.205297 2.147163
-0.137722 -0.200517 2.102763
-0.150117 -0.490803 2.204564
-0.151656 -0.823769 2.296402
-0.153273 -0.904404 2.225768
0.002038 -0.198416 2.113427
-0.017146 -0.522530 2.269806
-0.011830 -0.812852 2.336279
-0.006687 -0.897617 2.278339
-0.075378 0.335549 2.057313
-0.287231 -0.287805 2.077844
-0.257492 -0.244621 2.063389
0.150420 -0.273660 2.157944
0.111383 -0.202235 2.126629
