0.042940 -0.212233 2.278379
0.081612 0.119251 2.214453
0.115919 0.441486 2.136044
0.203375 0.545056 2.155007
0.014219 0.303722 2.064614
-0.040612 0.030399 2.014260
-0.012359 -0.205137 2.010099
-0.011774 -0.267372 2.041092
0.219888 0.274718 2.207067
0.257338 0.041304 2.407179
0.370275 -0.149399 2.475700
0.430772 -0.173001 2.512412
-0.014031 -0.202028 2.217995
-0.055879 -0.485419 2.205015
-0.200194 -0.819976 2.353461
-0.203005 -0.887407 2.299623
0.098957 -0.215660 2.266435
0.146096 -0.488841 2.371459
0.156923 -0.773727 2.481490
0.221125 -0.838287 2.484179
0.107831 0.362340 2.158023
-0.011902 -0.323010 2.053419
0.017283 -0.245602 2.062385
0.455804 -0.212634 2.543962
0.439427 -0.175365 2.481500
