0.059665 -0.245407 2.280026
0.147996 0.084966 2.227705
0.235254 0.403655 2.163789
0.323872 0.509727 2.189805
0.118664 0.273898 2.081349
0.133621 -0.002642 2.024646
0.203094 -0.227266 2.040496
0.235408 -0.286216 2.059461
0.338666 0.237039 2.234608
0.344952 0.016842 2.450332
0.505297 -0.141018 2.506598
0.555127 -0.175233 2.551504
-0.001674 -0.218755 2.213549
0.043148 -0.525109 2.227631
-0.119808 -0.811546 2.342434
-0.094691 -0.874208 2.296270
0.115209 -0.263213 2.271114
0.182299 -0.568340 2.435746
0.149770 -0.862536 2.499860
0.234864 -0.849136 2.489327
0.216668 0.324007 2.182723
0.247548 -0.341966 2.065945
0.233013 -0.250251 2.045667
0.591927 -0.213623 2.573166
0.570054 -0.169625 2.507000
