0.198749 -0.142104 2.435377
0.183351 0.180671 2.368228
0.165595 0.492767 2.285628
0.240158 0.602073 2.291745
0.083895 0.339763 2.218227
0.040031 0.068339 2.200918
0.094137 -0.161867 2.207406
0.088931 -0.172059 2.216145
0.273875 0.378014 2.387731
0.000733 0.264930 2.502654
0.315359 0.204708 2.490395
0.358534 0.201276 2.479317
0.144488 -0.149223 2.375632
0.094588 -0.408886 2.425910
0.093247 -0.746854 2.565084
0.143299 -0.810055 2.549450
0.246409 -0.131992 2.421319
0.251826 -0.417348 2.538906
0.290988 -0.699204 2.733654
0.344414 -0.744174 2.649570
0.170254 0.416130 2.308634
0.100452 -0.238208 2.233216
0.135199 -0.134801 2.245278
0.402963 0.221129 2.459723
0.391843 0.221302 2.435000
