0.201603 -0.155181 2.404390
0.173630 0.164198 2.332028
0.145478 0.473594 2.245892
0.202914 0.579627 2.229568
0.053232 0.326615 2.198518
-0.000016 0.061105 2.206381
0.028192 -0.173678 2.213119
0.030589 -0.219381 2.244140
0.253860 0.358820 2.347991
0.348385 0.168571 2.439149
0.352289 0.207952 2.387654
0.339089 0.247310 2.343325
0.141168 -0.160958 2.340377
0.103095 -0.413476 2.405510
0.096795 -0.764012 2.566210
0.154853 -0.817743 2.555822
0.255892 -0.145843 2.394634
0.274766 -0.436092 2.476319
0.247355 -0.750742 2.641610
0.285384 -0.818845 2.613873
0.152636 0.397703 2.269803
0.036811 -0.251933 2.247053
0.052792 -0.206777 2.227929
0.342561 0.275533 2.306526
0.305365 0.246292 2.311934
