-0.407338 -0.215452 2.154562
-0.411604 0.114023 2.090015
-0.405266 0.433501 2.015665
-0.457579 0.552417 2.005544
-0.553655 0.267102 2.107550
-0.663730 0.071368 2.167158
-0.602959 0.328146 1.993073
-0.605660 0.352629 1.980733
-0.290343 0.298745 1.958915
-0.214312 0.025616 1.962439
-0.240671 -0.210157 1.948687
-0.245572 -0.215757 1.953980
-0.464551 -0.209489 2.140828
-0.432179 -0.461405 2.205817
-0.397685 -0.810471 2.335635
-0.430068 -0.883982 2.293353
-0.336735 -0.213732 2.096045
-0.253782 -0.470870 2.155288
-0.195300 -0.834563 2.273959
-0.220775 -0.909321 2.209128
-0.407489 0.355284 2.036275
-0.597590 0.390214 1.928960
-0.555004 0.338988 1.954333
-0.258079 -0.280955 1.971934
-0.209796 -0.205998 1.956750
