-0.071540 -0.135298 2.205916
-0.065079 0.175900 2.172387
-0.062140 0.478208 2.127872
-0.069619 0.667287 2.110243
-0.217322 0.359074 2.087306
-0.323058 0.287697 1.907483
-0.252699 0.362502 1.895185
-0.193075 0.425508 1.895677
0.084402 0.363949 2.103964
0.184079 0.313108 1.913082
0.042430 0.464574 1.885023
-0.006760 0.515812 1.885213
-0.160049 -0.132940 2.165181
-0.185428 -0.471952 2.272448
-0.201342 -0.819757 2.384610
-0.218887 -0.892509 2.304427
0.019278 -0.133297 2.173213
0.010383 -0.450845 2.287735
0.000260 -0.808253 2.407543
0.012238 -0.888997 2.332826
-0.062980 0.404085 2.140819
-0.129947 0.482831 1.865747
-0.140981 0.474313 1.825375
-0.056596 0.574342 1.874569
-0.002026 0.481271 1.930000
