-0.171998 -0.139290 2.144807
-0.175771 0.169698 2.095329
-0.178686 0.468296 2.032800
-0.165995 0.605909 1.974067
-0.358623 0.352759 2.016273
-0.416096 0.113403 2.059753
-0.387041 -0.092514 2.034497
-0.372721 -0.147343 2.044905
0.005667 0.356482 2.043964
0.056579 0.111380 2.088583
0.053149 -0.095531 2.054783
0.033663 -0.156827 2.068845
-0.252075 -0.137959 2.104323
-0.247697 -0.476663 2.244417
-0.249421 -0.824303 2.344162
-0.269644 -0.904840 2.256046
-0.086198 -0.135851 2.112238
-0.082307 -0.472819 2.255862
-0.100640 -0.822570 2.367036
-0.073371 -0.899783 2.300393
-0.178155 0.395169 2.050639
-0.366602 -0.215119 2.040617
-0.411355 -0.152808 2.022756
0.043820 -0.219562 2.071297
0.073963 -0.154257 2.057143
