-0.344964 -0.178412 2.115936
-0.456549 0.097128 1.992461
-0.561434 0.363940 1.856594
-0.651500 0.459319 1.815818
-0.684026 0.206613 1.963525
-0.750467 -0.008746 1.972597
-0.874514 -0.161842 1.906060
-0.919945 -0.190861 1.906163
-0.381002 0.309969 1.834141
-0.227808 0.115265 1.863182
-0.290277 -0.140107 1.870885
-0.298029 -0.165804 1.905301
-0.412812 -0.196877 2.105645
-0.428392 -0.493386 2.162270
-0.424213 -0.833778 2.264319
-0.466880 -0.916538 2.207295
-0.265496 -0.153708 2.054161
-0.150599 -0.473656 2.142324
-0.057541 -0.807155 2.339099
-0.015949 -0.878900 2.286104
-0.536298 0.298575 1.892696
-0.946529 -0.263909 1.907617
-0.953878 -0.188106 1.861955
-0.294621 -0.206343 1.957405
-0.354653 -0.180595 1.902200
