-0.166008 -0.160730 2.154544
-0.174993 0.125904 2.042979
-0.186435 0.404230 1.924133
-0.177028 0.508549 1.830295
-0.342588 0.342795 1.969603
-0.401551 0.143230 1.920299
-0.254232 0.232456 1.792125
-0.190150 0.260115 1.729118
-0.015283 0.346888 1.970987
0.179718 0.292413 1.899811
-0.029125 0.338148 1.775200
-0.077628 0.336288 1.761683
-0.251042 -0.161763 2.111863
-0.240917 -0.477013 2.227720
-0.232973 -0.833406 2.320061
-0.258612 -0.909179 2.239779
-0.075323 -0.154180 2.124638
-0.086563 -0.489668 2.225466
-0.085998 -0.833507 2.319398
-0.076394 -0.912045 2.235106
-0.183591 0.336016 1.955676
-0.133770 0.284707 1.678203
-0.147347 0.228620 1.791400
-0.162093 0.306285 1.693303
-0.101547 0.269629 1.681751
