0.164541 -0.580729 2.484336
0.253289 -0.277147 2.448066
0.338460 0.019064 2.398438
0.455352 0.107127 2.450236
0.219815 -0.103599 2.274559
0.417979 -0.271120 2.279613
0.619843 -0.231038 2.381622
0.694564 -0.199417 2.411975
0.379675 -0.153358 2.587881
0.573114 -0.131642 2.634978
0.763091 -0.087172 2.560792
0.783204 -0.089206 2.537988
0.124052 -0.568415 2.409875
0.210628 -0.843710 2.262481
-0.088500 -0.870371 2.349695
-0.085981 -0.937304 2.292202
0.200445 -0.576625 2.487697
0.481466 -0.473383 2.548798
0.330914 -0.747200 2.572007
0.315674 -0.791016 2.605469
0.317839 -0.054059 2.413228
0.755625 -0.193049 2.463335
0.753787 -0.244656 2.405505
0.832710 -0.081870 2.536201
0.755460 -0.094569 2.496375
