0.086827 -0.115280 2.345261
0.094445 0.198572 2.273596
0.101991 0.503681 2.187771
0.205600 0.611512 2.218877
0.035278 0.339744 2.081216
0.078887 0.099758 2.072385
0.161058 -0.032354 2.196213
0.177965 -0.074600 2.266942
0.215534 0.418251 2.332881
0.205330 0.142055 2.383832
0.165169 0.020369 2.124677
0.106541 0.040151 2.084048
0.035995 -0.128907 2.274187
0.079543 -0.446981 2.423697
0.018132 -0.795153 2.534001
0.087028 -0.846926 2.514740
0.134545 -0.097623 2.342012
0.027456 -0.418759 2.557225
0.052042 -0.728851 2.581703
0.123700 -0.773066 2.510309
0.100080 0.428721 2.211536
0.248087 -0.097211 2.339957
0.130416 -0.134064 2.212810
0.082807 0.052343 2.044724
0.094767 0.020311 2.086667
