-0.094592 -0.150237 2.220805
-0.084270 0.180901 2.153849
-0.073909 0.501365 2.073552
-0.012007 0.633223 2.084397
-0.147882 0.345103 1.960294
-0.056758 0.153408 1.943722
0.128053 0.047720 2.113726
0.207997 0.025959 2.188522
-0.042330 0.392265 2.247357
0.085970 0.250916 2.330896
0.145981 0.223754 2.265376
0.206797 0.206067 2.217915
-0.123577 -0.145901 2.135783
-0.230004 -0.433915 2.158937
-0.447598 -0.783161 2.247132
-0.442317 -0.883706 2.209653
-0.062593 -0.149565 2.232754
-0.043768 -0.458842 2.413143
-0.014753 -0.788611 2.498486
0.036383 -0.842074 2.493067
-0.076521 0.422840 2.095902
0.259024 -0.022025 2.243377
0.243465 0.037720 2.180870
0.260342 0.175641 2.192240
0.230811 0.132471 2.229750
