0.281131 -0.113030 2.312689
0.325697 0.206141 2.242058
0.376249 0.514464 2.159554
0.424403 0.659284 2.184106
0.327320 0.355094 2.079249
0.504254 0.150031 2.141076
0.625288 0.039828 2.271803
0.620767 0.027724 2.333922
0.405896 0.405576 2.333347
0.518930 0.152551 2.258220
0.654398 0.195436 2.443833
0.660363 0.214494 2.460031
0.257584 -0.103887 2.237378
0.156649 -0.419923 2.462260
0.310719 -0.815237 2.453400
0.387512 -0.859934 2.473586
0.296370 -0.118287 2.315358
0.278465 -0.463582 2.400352
0.035417 -0.780096 2.470930
0.074071 -0.846966 2.507831
0.363294 0.439172 2.182155
0.638784 0.011367 2.361111
0.639917 0.028922 2.333375
0.665387 0.235108 2.472862
0.668408 0.181639 2.429857
