0.161763 -0.102133 2.502678
0.265963 0.234920 2.451413
0.364478 0.560855 2.387596
0.424609 0.700965 2.416165
0.264499 0.417652 2.263838
0.228386 0.155559 2.216655
0.290253 -0.044301 2.266256
0.296376 -0.086065 2.293024
0.394298 0.452270 2.561299
0.369221 0.273678 2.328712
0.353923 -0.007082 2.336553
0.333358 -0.090244 2.334376
0.131746 -0.089481 2.437826
0.283032 -0.426389 2.446692
0.299548 -0.809829 2.481418
0.373027 -0.859583 2.472624
0.186839 -0.112987 2.494567
0.238616 -0.482554 2.534166
0.192898 -0.776174 2.679925
0.245574 -0.835674 2.641979
0.340774 0.480782 2.405477
0.330061 -0.143146 2.325618
0.263900 -0.095482 2.291956
0.318708 -0.158021 2.353725
0.323725 -0.088490 2.276182
