0.039729 -0.093007 2.357508
0.050932 0.213226 2.309532
0.062020 0.509559 2.248697
0.059201 0.645814 2.190548
-0.129168 0.413414 2.267273
-0.180895 0.178091 2.290047
-0.140159 -0.021748 2.235719
-0.105824 -0.079779 2.253906
0.226904 0.395032 2.231232
0.265014 0.156002 2.253638
0.228928 -0.048000 2.219281
0.211607 -0.077558 2.235141
-0.042736 -0.090576 2.328480
-0.039891 -0.436906 2.479026
-0.039324 -0.765291 2.569039
-0.057499 -0.850619 2.479075
0.121039 -0.092581 2.313337
0.130656 -0.430216 2.457247
0.132638 -0.768977 2.563599
0.146858 -0.854636 2.491079
0.059310 0.436904 2.266196
-0.096004 -0.124520 2.252199
-0.076213 -0.063699 2.234179
0.189929 -0.159563 2.235509
0.180706 -0.049162 2.211467
