0.620008 -0.258909 1.693792
0.652262 0.074128 1.642644
0.675878 0.396151 1.578915
0.703387 0.541966 1.576417
0.593622 0.237487 1.473266
0.695610 0.023226 1.416027
0.874666 0.173580 1.550649
0.863968 0.192954 1.568381
0.863382 0.235765 1.699467
0.758123 0.063468 1.484871
0.551790 0.158432 1.448498
0.520664 0.193334 1.476366
0.546848 -0.239638 1.600505
0.586738 -0.564803 1.724319
0.529991 -0.954808 1.866711
0.609337 -1.000538 1.868202
0.666061 -0.262801 1.714062
0.559471 -0.581348 1.937562
0.664773 -0.980555 2.013849
0.733542 -0.955398 2.006372
0.671226 0.317502 1.596808
0.857223 0.235414 1.636755
0.868953 0.219192 1.537417
0.500212 0.238691 1.502418
0.479459 0.135145 1.505609
