-0.101199 -0.131733 2.215080
-0.103591 0.157701 2.128916
-0.105684 0.437668 2.030019
-0.159236 0.554756 1.975498
-0.266190 0.354822 2.135033
-0.314386 0.130560 2.250776
-0.380230 -0.049199 2.159862
-0.407409 -0.101374 2.139478
0.036109 0.336902 1.992123
0.118467 0.094967 1.999487
0.097520 -0.119047 1.991147
0.075403 -0.194127 1.991930
-0.178743 -0.128607 2.206626
-0.273087 -0.464362 2.254410
-0.380996 -0.808158 2.305364
-0.441699 -0.866868 2.223019
-0.020386 -0.130591 2.150237
0.067375 -0.438628 2.276197
0.102442 -0.803932 2.413498
0.124746 -0.887517 2.348187
-0.105238 0.369097 2.057004
-0.417446 -0.140341 2.114953
-0.391500 -0.129608 2.134750
0.059891 -0.269179 2.005102
0.045438 -0.210511 1.969292
