-0.267779 -0.066888 2.098303
-0.294713 0.243269 1.985391
-0.313151 0.546030 1.864674
-0.254472 0.669268 1.874220
-0.371922 0.375625 1.764428
-0.333974 0.109728 1.750198
-0.227496 -0.092802 1.791642
-0.195277 -0.141375 1.826642
-0.201009 0.466348 2.021877
-0.153557 0.264945 2.245396
-0.133084 0.044847 2.310014
-0.126529 -0.028027 2.335442
-0.309088 -0.079585 2.013603
-0.362303 -0.459853 2.131991
-0.383511 -0.779949 2.264860
-0.345146 -0.841362 2.207056
-0.218466 -0.053440 2.111775
-0.141812 -0.385366 2.302906
-0.104397 -0.718395 2.409065
-0.015686 -0.765494 2.406143
-0.309758 0.471653 1.896937
-0.165743 -0.198415 1.867741
-0.175408 -0.161187 1.805698
-0.125921 -0.030888 2.324299
-0.125263 -0.027747 2.312068
