0.601094 -0.120653 1.912633
0.729838 0.189930 1.804880
0.847635 0.488261 1.685932
0.965549 0.575827 1.673357
0.719719 0.321042 1.586316
0.670560 0.075066 1.572745
0.844608 -0.069565 1.688367
0.862967 -0.075150 1.705376
1.001394 0.300482 1.895397
1.140701 0.223534 2.041538
1.233158 0.256521 1.823772
1.281742 0.227725 1.844949
0.552999 -0.092612 1.836660
0.624023 -0.431604 1.925524
0.625417 -0.800265 2.056702
0.699818 -0.857275 2.023194
0.626537 -0.143427 1.919660
0.613699 -0.494841 1.958881
0.603027 -0.869936 2.121360
0.696843 -0.869164 2.055737
0.819664 0.415489 1.717181
0.902649 -0.086422 1.730498
0.872077 -0.036844 1.677010
1.285355 0.235909 1.838803
1.266199 0.213723 1.824800
