-0.054833 -0.044978 2.142912
-0.044005 0.252347 2.058101
-0.033613 0.538983 1.960524
-0.072350 0.661989 1.891967
-0.221727 0.449566 2.040805
-0.287899 0.206425 2.139991
-0.390917 0.000063 2.161198
-0.404717 -0.020876 2.156047
0.133646 0.422459 1.943134
0.221067 0.171061 1.997133
0.223118 -0.062737 1.976350
0.211112 -0.064998 1.996624
-0.134215 -0.040735 2.121278
-0.194382 -0.426723 2.219083
-0.251455 -0.764064 2.287221
-0.277177 -0.836100 2.210426
0.026400 -0.047760 2.091949
0.054958 -0.381801 2.227767
0.046399 -0.736591 2.388317
0.046745 -0.810952 2.313704
-0.036180 0.468919 1.987115
-0.416437 -0.097135 2.156077
-0.429473 0.010900 2.162429
0.197038 -0.129036 2.023164
0.179783 -0.076485 2.000244
