-0.029527 0.042370 2.392656
-0.046622 0.341876 2.335312
-0.064970 0.631417 2.265426
-0.037208 0.760169 2.215531
-0.228704 0.517863 2.274102
-0.291343 0.263345 2.348718
-0.290503 0.029877 2.333189
-0.263653 0.009073 2.335686
0.123713 0.532589 2.276742
0.298103 0.516906 2.107607
0.116815 0.661278 2.102339
0.058282 0.705913 2.103990
-0.112784 0.036890 2.344801
-0.102104 -0.334653 2.532402
-0.097872 -0.676132 2.630106
-0.125218 -0.741854 2.557378
0.053601 0.046414 2.367522
0.061901 -0.311993 2.509438
0.081326 -0.666633 2.620624
0.111296 -0.733539 2.546961
-0.060300 0.560612 2.285112
-0.257012 -0.068576 2.349253
-0.214550 0.002490 2.316882
-0.004128 0.781926 2.101039
0.065548 0.708302 2.036000
