-0.508863 -0.317983 2.550640
-0.519862 -0.035003 2.582978
-0.527579 0.241041 2.602918
-0.532688 0.368622 2.558984
-0.701566 0.128771 2.563483
-0.672146 -0.087692 2.461791
-0.899902 -0.008969 2.481666
-0.923647 -0.034779 2.456834
-0.353256 0.154034 2.592167
-0.317535 -0.064494 2.497868
-0.505294 -0.138830 2.374062
-0.564614 -0.171616 2.421564
-0.589844 -0.317875 2.508259
-0.526908 -0.516261 2.176002
-0.484071 -0.785932 2.004699
-0.514756 -0.793546 1.874665
-0.413386 -0.309226 2.522708
-0.439259 -0.421582 2.155705
-0.450924 -0.845011 2.085203
-0.486610 -0.806536 1.956113
-0.526164 0.172953 2.600209
-0.960972 -0.037018 2.394177
-0.927266 -0.063581 2.384400
-0.602294 -0.234205 2.401945
-0.507400 -0.241669 2.387170
