-0.367414 -0.066892 2.092233
-0.500744 0.246785 2.052865
-0.627555 0.548670 2.001957
-0.711851 0.668675 2.010360
-0.784474 0.447595 2.138155
-0.792943 0.162768 1.980720
-0.884462 0.049494 2.244535
-0.893154 0.041315 2.264588
-0.516308 0.377456 1.879543
-0.741251 0.188127 1.900049
-0.904303 0.113800 2.030499
-0.941575 0.126065 2.109996
-0.403796 -0.074567 2.098191
-0.404484 -0.432448 2.354301
-0.385269 -0.805623 2.321240
-0.452993 -0.833073 2.323612
-0.318428 -0.056880 2.015051
-0.328605 -0.452559 2.053427
-0.200419 -0.817610 2.138939
-0.277132 -0.879207 2.105512
-0.596895 0.474813 2.016681
-0.928065 -0.058602 2.300030
-0.841408 0.021904 2.272047
-0.997480 0.079548 2.167025
-0.942277 0.072195 2.095558
