0.073456 -0.046413 2.157784
0.063405 0.260390 2.089648
0.053408 0.556155 2.009018
0.093700 0.689476 1.963396
-0.110826 0.438192 1.994788
-0.223338 0.204434 1.986524
-0.237949 -0.029155 1.967358
-0.251218 -0.092951 1.963840
0.252657 0.449691 2.071932
0.381617 0.236176 2.121213
0.442141 0.011578 2.129949
0.470779 -0.041400 2.139855
-0.010442 -0.048913 2.109396
-0.076974 -0.400808 2.212985
-0.123679 -0.742576 2.386542
-0.157499 -0.816514 2.309390
0.154947 -0.042336 2.133739
0.151791 -0.388132 2.239916
0.139251 -0.735322 2.380471
0.157010 -0.804666 2.316457
0.055925 0.483831 2.031347
-0.280346 -0.169688 1.956522
-0.217206 -0.090609 1.980444
0.475029 -0.119484 2.138518
0.428255 -0.028716 2.156273
