-0.290936 -0.158094 1.911648
-0.491338 0.117485 1.884694
-0.673139 0.388859 1.842463
-0.806496 0.454881 1.853171
-0.738797 0.236240 2.026320
-0.796156 -0.031534 2.018186
-0.943963 -0.108711 1.849135
-0.994696 -0.134506 1.796411
-0.480715 0.275577 1.723188
-0.643451 0.073359 1.650555
-0.838276 -0.024381 1.708622
-0.858436 -0.007014 1.783532
-0.335827 -0.176384 1.905678
-0.398840 -0.470035 2.090724
-0.424682 -0.844404 2.279720
-0.478694 -0.846779 2.298499
-0.235508 -0.133597 1.845752
-0.331857 -0.453220 1.910729
-0.297995 -0.854198 2.041491
-0.374161 -0.903386 2.014452
-0.629545 0.322175 1.854873
-1.003290 -0.135592 1.781704
-0.978811 -0.113698 1.759978
-0.900428 -0.036384 1.811352
-0.889835 -0.036054 1.795000
