-0.168016 -0.044532 2.154536
-0.150590 0.239259 2.041664
-0.132237 0.512596 1.918892
-0.143873 0.637361 1.839911
-0.313935 0.456948 2.006958
-0.389176 0.206289 2.142917
-0.462241 -0.011325 2.171566
-0.460884 -0.066263 2.191542
0.026770 0.392919 1.896827
0.106568 0.133016 1.936136
0.112372 -0.100840 1.923069
0.115634 -0.144431 1.941763
-0.243348 -0.036605 2.136123
-0.275035 -0.398921 2.275891
-0.305930 -0.746228 2.390024
-0.342133 -0.811517 2.314492
-0.086705 -0.050843 2.101110
-0.078140 -0.416586 2.227543
-0.086059 -0.759610 2.316823
-0.072771 -0.833261 2.245039
-0.136882 0.445862 1.951599
-0.451529 -0.108900 2.206576
-0.434085 -0.074617 2.201667
0.102403 -0.205741 1.946868
0.075613 -0.129062 1.977400
