-0.036272 0.015434 2.341786
-0.027775 0.309187 2.254245
-0.012812 0.590881 2.153048
-0.024301 0.713167 2.077266
-0.195216 0.510845 2.194582
-0.301203 0.271846 2.282934
-0.407923 0.064704 2.281560
-0.412990 0.036330 2.287879
0.163039 0.484050 2.169350
0.273595 0.246203 2.224530
0.357659 0.028788 2.199342
0.354878 -0.032872 2.189061
-0.120111 0.021596 2.305963
-0.168994 -0.355365 2.383419
-0.181954 -0.724774 2.475087
-0.209974 -0.778656 2.394376
0.045720 0.012546 2.310377
0.048827 -0.329340 2.446177
0.050362 -0.684763 2.566726
0.075867 -0.758482 2.491777
-0.016793 0.522148 2.180759
-0.424275 -0.026663 2.298453
-0.436440 0.060553 2.286500
0.364568 -0.106626 2.194447
0.385589 -0.046551 2.186200
