0.227373 0.005475 2.311851
0.221127 0.305996 2.232346
0.212342 0.596433 2.141246
0.253377 0.729587 2.084124
0.045064 0.484142 2.126724
-0.021638 0.234069 2.153407
-0.028533 0.000969 2.121603
-0.026013 -0.050605 2.110380
0.402641 0.488180 2.199143
0.475924 0.241477 2.271279
0.532293 0.015184 2.257580
0.514952 -0.022006 2.265690
0.141448 0.004777 2.262421
0.089964 -0.377683 2.361872
0.056281 -0.717682 2.443938
0.053086 -0.793415 2.355337
0.306100 0.005934 2.289107
0.332102 -0.326351 2.441298
0.343186 -0.671720 2.593003
0.380396 -0.744788 2.518592
0.214849 0.525327 2.166117
-0.015052 -0.122562 2.134574
-0.038172 -0.068263 2.074387
0.521435 -0.095819 2.271892
0.479882 -0.040597 2.251143
