-0.575300 -0.365583 2.570904
-0.568460 -0.088998 2.560838
-0.557659 0.181444 2.538761
-0.562846 0.316210 2.472198
-0.728763 0.110192 2.528501
-0.676654 -0.106402 2.437498
-0.548770 -0.287697 2.335106
-0.517346 -0.342160 2.323145
-0.381811 0.170418 2.549178
-0.312817 -0.003776 2.392000
-0.526600 0.206359 2.288329
-0.564023 0.302074 2.349208
-0.656083 -0.363618 2.526713
-0.517805 -0.457425 2.179668
-0.420143 -0.706276 1.980624
-0.425808 -0.728401 1.845299
-0.478661 -0.357674 2.545026
-0.395428 -0.440202 2.177571
-0.412064 -0.845132 2.026588
-0.415241 -0.770289 1.905268
-0.560744 0.114872 2.546360
-0.468146 -0.406274 2.264703
-0.558955 -0.350920 2.278889
-0.573129 0.345686 2.332925
-0.575961 0.272324 2.349583
