-0.515339 0.050972 2.414091
-0.541856 0.371527 2.388550
-0.569169 0.682856 2.351425
-0.594725 0.823121 2.361915
-0.717087 0.578069 2.383362
-0.804450 0.813791 2.545663
-0.746648 1.038088 2.715061
-0.728550 1.113963 2.775136
-0.428827 0.563041 2.331479
-0.408050 0.326141 2.309572
-0.433433 0.191065 2.484794
-0.418480 0.153573 2.513204
-0.584117 0.044949 2.382773
-0.568115 -0.410270 2.405974
-0.538983 -0.765604 2.484618
-0.546774 -0.813373 2.378275
-0.431310 0.055129 2.374134
-0.345477 -0.404983 2.416962
-0.260557 -0.757721 2.485633
-0.309002 -0.808859 2.453565
-0.562441 0.606374 2.362499
-0.730603 1.131445 2.775679
-0.758695 1.094868 2.779186
-0.414949 0.153414 2.508613
-0.414180 0.153918 2.491291
