0.474767 0.021537 2.395592
0.643581 0.309065 2.292883
0.794124 0.594157 2.178928
0.856892 0.718091 2.169491
0.635818 0.459961 2.078285
0.540061 0.153504 2.077732
0.538523 -0.071697 2.127642
0.526216 -0.096801 2.168588
0.896107 0.515768 2.349762
1.032743 0.791996 2.355705
0.995672 0.525151 2.513291
1.037792 0.467396 2.491591
0.432154 0.026070 2.316339
0.514252 -0.348772 2.381776
0.483387 -0.705359 2.452029
0.549583 -0.773101 2.406591
0.503397 0.016410 2.403677
0.512483 -0.459756 2.407597
0.630348 -0.543446 2.672997
0.670606 -0.632564 2.657446
0.758484 0.523762 2.209153
0.513114 -0.134148 2.239595
0.556125 -0.117653 2.149850
1.037969 0.452159 2.477487
1.061800 0.461617 2.489750
