0.580945 -0.052875 2.249528
0.773975 0.248606 2.172588
0.954490 0.536730 2.092953
1.074944 0.618484 2.085438
0.780952 0.398900 1.965296
0.647502 0.113200 1.932562
0.614529 -0.114742 1.962665
0.612127 -0.128916 2.000470
1.101884 0.357658 2.298199
1.109551 0.193251 2.448195
1.248786 0.223209 2.258258
1.257147 0.187718 2.241416
0.531017 -0.026651 2.177844
0.602018 -0.422692 2.236422
0.617698 -0.747196 2.299206
0.697314 -0.798956 2.253402
0.612527 -0.077376 2.251131
0.542911 -0.506431 2.300618
0.772272 -0.798691 2.492577
0.661595 -0.800203 2.420473
0.910387 0.466465 2.115187
0.619266 -0.158585 2.077901
0.583689 -0.113749 2.052872
1.288853 0.167018 2.164347
1.221287 0.215227 2.178334
