0.570372 -0.016383 2.255549
0.673803 0.259134 2.124933
0.779873 0.525599 1.990051
0.892711 0.608388 1.974570
0.647400 0.375211 1.944092
0.820017 0.148144 1.898080
1.009581 0.022114 1.910938
1.087474 -0.019085 1.929279
0.927919 0.346100 2.195219
0.908285 0.115558 1.963789
1.083385 -0.029693 1.925574
1.117810 -0.032550 1.935944
0.497415 0.002270 2.197680
0.523593 -0.394764 2.213155
0.523668 -0.743153 2.279595
0.596187 -0.806195 2.242033
0.625504 -0.034501 2.243235
0.717226 -0.320563 2.447124
0.659002 -0.714052 2.474696
0.734985 -0.771116 2.438172
0.753485 0.459943 2.023300
1.156204 -0.049111 1.950383
1.066635 -0.031857 1.950400
1.172688 -0.042222 1.959355
1.100002 -0.064788 1.930000
