-0.059312 -0.055179 2.109401
-0.058986 0.240463 2.028681
-0.058392 0.525502 1.935480
-0.050430 0.658641 1.864975
-0.244343 0.431372 1.969414
-0.326346 0.180806 2.078456
-0.389396 -0.043245 2.082357
-0.385270 -0.110652 2.090263
0.120840 0.415642 1.949226
0.230254 0.185132 2.022940
0.329494 -0.025932 2.017099
0.323700 -0.073275 2.011363
-0.141520 -0.055371 2.075195
-0.163369 -0.412057 2.205049
-0.173195 -0.751720 2.332459
-0.192646 -0.828966 2.249978
0.024708 -0.053123 2.071163
0.094804 -0.413373 2.177366
0.154877 -0.743293 2.319242
0.131290 -0.822310 2.245482
-0.058601 0.455830 1.960954
-0.391693 -0.163968 2.098306
-0.378971 -0.088241 2.015632
0.356949 -0.151003 1.989617
0.344387 -0.138400 2.029000
