0.596264 -0.118311 1.903873
0.682426 0.186914 1.788151
0.759746 0.480485 1.661904
0.865346 0.578497 1.646662
0.626291 0.324683 1.588391
0.518366 0.041956 1.613077
0.540019 -0.183292 1.658140
0.544012 -0.198925 1.683957
0.961115 0.335927 1.919428
1.169237 0.252543 1.938415
1.207283 0.349637 1.722801
1.276202 0.343630 1.690289
0.536746 -0.120878 1.845432
0.576276 -0.431290 1.961929
0.596810 -0.794420 2.113647
0.661202 -0.856969 2.078932
0.633961 -0.111155 1.893094
0.750866 -0.472455 2.131468
0.539262 -0.791453 2.316960
0.596864 -0.815983 2.205688
0.741574 0.408912 1.695233
0.572977 -0.235872 1.772509
0.562739 -0.213253 1.663143
1.276922 0.351664 1.690421
1.255772 0.326524 1.661990
