0.544537 -0.124640 1.941544
0.694740 0.152696 1.818439
0.836924 0.419408 1.684537
0.949483 0.511182 1.671101
0.650121 0.300485 1.602378
0.485676 0.032036 1.617704
0.458932 -0.196095 1.651360
0.453846 -0.193377 1.673536
0.964405 0.253376 1.917355
1.111903 0.092171 1.971512
1.298136 0.053120 1.835337
1.362134 0.040263 1.793361
0.482441 -0.113037 1.878085
0.551796 -0.472860 1.989461
0.590158 -0.795053 2.125186
0.659814 -0.854842 2.078674
0.587286 -0.131552 1.936037
0.754746 -0.452688 2.182675
0.561711 -0.771543 2.386135
0.660236 -0.781095 2.350931
0.802292 0.354410 1.719861
0.513862 -0.221360 1.760634
0.493111 -0.191201 1.684857
1.365250 0.014028 1.798606
1.357256 0.013872 1.788273
