0.068425 0.038757 2.432081
0.079670 0.338486 2.357176
0.089696 0.628612 2.270680
0.095284 0.764924 2.212838
-0.097584 0.528805 2.299435
-0.153178 0.262597 2.369014
-0.187237 0.031455 2.367727
-0.169566 -0.010912 2.374508
0.268012 0.508977 2.273223
0.336914 0.260637 2.322647
0.360353 0.027978 2.308371
0.342576 -0.022697 2.311797
-0.015480 0.042323 2.398062
-0.079392 -0.336766 2.504282
-0.124276 -0.672207 2.594278
-0.155608 -0.751552 2.515729
0.150235 0.034039 2.393596
0.166253 -0.297993 2.533388
0.157134 -0.648265 2.676582
0.196585 -0.725149 2.613698
0.087342 0.557530 2.294429
-0.169839 -0.064247 2.376028
-0.217725 -0.020450 2.376600
0.338800 -0.092344 2.323651
0.305272 -0.019917 2.312130
