0.014751 0.005045 2.340271
-0.011611 0.299603 2.262785
-0.037636 0.583975 2.172953
0.012328 0.704671 2.112598
-0.188556 0.457891 2.130237
-0.256149 0.207473 2.160766
-0.237627 -0.025853 2.147310
-0.232134 -0.068616 2.170832
0.152295 0.509939 2.250965
0.357851 0.428471 2.157263
0.201471 0.581165 2.066691
0.167688 0.596225 2.039610
-0.063324 -0.001896 2.273295
-0.129656 -0.337397 2.355635
-0.146149 -0.704269 2.508853
-0.159235 -0.780327 2.423948
0.091757 0.011759 2.334483
0.139633 -0.323619 2.496849
0.185327 -0.650261 2.647384
0.262849 -0.711220 2.633456
-0.031211 0.514381 2.197595
-0.221565 -0.141022 2.185795
-0.184801 -0.066684 2.178334
0.104283 0.643662 1.994533
0.147116 0.595761 2.074600
