-0.134184 -0.168539 2.342576
0.068320 0.075881 2.215931
0.265110 0.313505 2.076071
0.399907 0.334021 2.093121
0.086505 0.273565 1.990889
0.165548 -0.005398 1.974249
0.340296 -0.120588 2.061184
0.417538 -0.149564 2.111603
0.260243 0.158498 2.314154
0.155892 -0.008230 2.051286
0.308669 -0.008009 2.276247
0.284523 0.029705 2.305004
-0.180078 -0.140886 2.258416
-0.175387 -0.492883 2.203609
-0.261630 -0.762197 2.327289
-0.220412 -0.821042 2.265550
-0.080285 -0.190474 2.361794
0.062153 -0.463965 2.487272
0.077375 -0.773576 2.529491
0.181752 -0.752063 2.521441
0.216787 0.255310 2.113312
0.473489 -0.202251 2.161830
0.454011 -0.132514 2.112073
0.275052 0.074446 2.362156
0.246983 0.071529 2.288188
