-0.287003 -0.109664 2.037795
-0.371280 0.216356 1.946473
-0.449671 0.529685 1.838396
-0.536776 0.639978 1.832117
-0.576229 0.412924 1.981787
-0.611756 0.129362 2.106209
-0.557030 -0.096837 2.121368
-0.556175 -0.172508 2.117933
-0.364985 0.352478 1.737261
-0.444970 0.082982 1.707980
-0.626962 -0.017531 1.794753
-0.673316 -0.027414 1.831374
-0.327160 -0.107868 2.039230
-0.433465 -0.535533 2.005173
-0.203415 -0.764677 2.271238
-0.272134 -0.824333 2.279219
-0.238767 -0.111960 1.964583
-0.439420 -0.459688 1.997076
-0.466504 -0.829523 2.072440
-0.544044 -0.852684 2.098591
-0.430927 0.452771 1.867375
-0.560151 -0.199836 2.114372
-0.550248 -0.170670 2.095360
-0.739049 -0.055823 1.896727
-0.684718 -0.071546 1.837591
