-0.453186 -0.380134 2.656826
-0.460603 -0.098834 2.670143
-0.464893 0.176149 2.671146
-0.456598 0.319463 2.679459
-0.619231 0.079227 2.663438
-0.648239 -0.135642 2.598746
-0.568830 -0.293716 2.495923
-0.500993 -0.302353 2.454890
-0.311387 0.056973 2.658711
-0.274972 -0.156342 2.615739
-0.348297 -0.299244 2.489031
-0.413080 -0.321950 2.445727
-0.523345 -0.376007 2.616290
-0.563545 -0.482006 2.254943
-0.538033 -0.890376 2.120260
-0.531738 -0.932972 2.012558
-0.371252 -0.374177 2.627635
-0.206156 -0.444490 2.287056
-0.176126 -0.851522 2.303647
-0.139900 -0.902706 2.234529
-0.464274 0.108265 2.673175
-0.444289 -0.347181 2.407209
-0.541587 -0.333842 2.433000
-0.470124 -0.356865 2.402014
-0.437190 -0.281037 2.439177
