0.148900 -0.108530 2.263891
0.142811 0.171955 2.120802
0.142587 0.447572 1.969343
0.203856 0.552108 1.937034
0.059197 0.306015 1.925573
0.111566 0.101804 1.943051
0.222235 0.031927 2.079720
0.225404 0.025888 2.133485
0.213401 0.280893 2.144268
0.270723 0.151412 2.268045
0.249160 -0.047425 2.251997
0.240093 -0.098201 2.213254
0.100468 -0.118467 2.188077
0.078424 -0.441059 2.237367
0.111488 -0.828619 2.352026
0.186918 -0.890471 2.298427
0.191986 -0.095596 2.267821
0.101573 -0.538608 2.271555
-0.025514 -0.772893 2.567469
-0.020199 -0.840521 2.553270
0.142565 0.379976 2.009595
0.267644 0.027356 2.195935
0.187876 -0.037235 2.126133
0.246804 -0.149070 2.197221
0.221807 -0.138152 2.203600
