0.604439 -0.118846 2.227356
0.620034 0.200706 2.165013
0.631998 0.510505 2.091405
0.733812 0.591422 2.070325
0.536604 0.364997 1.988448
0.561842 0.172567 1.872975
0.704466 0.152452 1.993566
0.718337 0.164829 2.031838
0.750604 0.381337 2.259250
0.796860 0.185577 2.237692
0.825695 0.342644 2.110817
0.836611 0.395324 2.072160
0.553780 -0.123449 2.196886
0.534769 -0.509540 2.209304
0.458496 -0.861060 2.278063
0.510546 -0.920682 2.211220
0.636199 -0.107783 2.199872
0.511505 -0.471293 2.402259
0.385627 -0.865479 2.534310
0.460863 -0.882501 2.434560
0.629672 0.434492 2.111835
0.745476 0.208509 2.107230
0.697594 0.192124 2.001772
0.828867 0.396071 2.057150
0.828931 0.372575 2.064258
