-0.432216 -0.104047 2.069300
-0.471835 0.192438 2.016494
-0.508771 0.477860 1.950554
-0.573046 0.583425 1.950243
-0.593553 0.297848 1.853423
-0.477574 0.137794 1.845689
-0.568684 0.051738 2.056950
-0.549948 -0.003051 2.000814
-0.448260 0.319025 1.866592
-0.620687 0.125507 1.866458
-0.776637 0.017242 1.941800
-0.848649 -0.007054 1.979211
-0.492469 -0.100175 2.076018
-0.472692 -0.517598 2.170010
-0.596684 -0.884444 2.235499
-0.702604 -0.908228 2.256592
-0.357510 -0.104547 1.992698
-0.321912 -0.539245 2.268649
-0.248679 -0.844891 2.306906
-0.336182 -0.897461 2.332031
-0.500121 0.408051 1.969237
-0.551706 -0.056256 1.990578
-0.545078 -0.002250 1.982000
-0.903431 -0.052211 2.023809
-0.863864 0.018024 1.960857
