0.038820 -0.126807 2.471486
0.111202 0.197579 2.362416
0.167482 0.511714 2.249928
0.294143 0.567267 2.287451
0.090362 0.359101 2.168039
0.101393 0.142724 2.121241
0.245736 0.085818 2.275668
0.264604 0.066037 2.331772
0.232202 0.438104 2.406822
0.222143 0.237462 2.204629
0.175979 0.070351 2.296272
0.141037 0.008717 2.270945
0.015094 -0.119671 2.387788
0.117646 -0.469909 2.486020
0.026941 -0.801929 2.589249
0.099300 -0.843357 2.567821
0.062600 -0.130534 2.482476
0.112425 -0.507987 2.591057
0.190509 -0.771565 2.816123
0.260345 -0.767816 2.860547
0.153314 0.434450 2.279464
0.320303 0.069460 2.413121
0.209565 0.008534 2.344907
0.152113 -0.028576 2.278131
0.093205 0.037885 2.224536
