0.200102 -0.150236 2.401916
0.281921 0.161849 2.311378
0.363940 0.469466 2.210261
0.461474 0.564481 2.215586
0.236342 0.355542 2.114514
0.151229 0.132640 2.074671
0.284302 -0.048980 2.128163
0.311027 -0.065927 2.156459
0.438647 0.338142 2.345737
0.486608 0.265225 2.575599
0.593564 0.185010 2.730432
0.623597 0.174431 2.746470
0.155686 -0.138265 2.334476
0.098901 -0.484541 2.255727
0.024429 -0.850740 2.301096
0.084301 -0.905147 2.239201
0.240573 -0.155133 2.399301
0.271018 -0.482115 2.542934
0.244450 -0.797655 2.619017
0.319079 -0.832497 2.588429
0.343948 0.394261 2.237546
0.361795 -0.095743 2.196667
0.277960 -0.085978 2.149734
0.663678 0.154685 2.770871
0.589734 0.167123 2.757000
