-0.241711 -0.143026 2.060163
-0.161096 0.174075 2.078754
-0.084120 0.480005 2.071972
0.034500 0.526670 2.086071
-0.163195 0.331367 1.951820
-0.218728 0.069558 1.917510
-0.195421 -0.188839 1.956849
-0.173064 -0.346242 2.008063
-0.017312 0.379085 2.293641
-0.264746 0.289629 2.238926
-0.205296 0.057245 2.339579
-0.184046 -0.020042 2.378215
-0.257514 -0.127346 1.975205
-0.197823 -0.522710 2.107903
-0.243255 -0.871454 2.195456
-0.142669 -0.903439 2.185969
-0.223364 -0.151512 2.061319
-0.249023 -0.534987 2.170394
-0.134892 -0.859147 2.275203
-0.056610 -0.899062 2.220390
-0.101918 0.403227 2.076083
-0.157357 -0.421368 2.028114
-0.221541 -0.337133 1.995625
-0.238114 -0.080813 2.369497
-0.131981 -0.083306 2.369678
