0.099975 -0.167236 2.203460
0.173199 0.075691 1.994065
0.236399 0.319528 1.776606
0.300856 0.383943 1.699838
0.099029 0.244359 1.812497
0.055198 0.043932 1.850955
0.145317 -0.165611 1.907730
0.196851 -0.219884 1.945997
0.383214 0.215204 1.974842
0.325831 0.032781 2.031424
0.180496 -0.098868 2.004653
0.151331 -0.138390 1.969172
0.035287 -0.158661 2.133651
0.004764 -0.510475 2.093010
-0.020971 -0.848712 2.237855
0.003313 -0.903613 2.122071
0.161161 -0.170179 2.201527
0.235491 -0.493651 2.185399
0.248140 -0.821873 2.262161
0.223303 -0.880153 2.148013
0.220649 0.258356 1.831948
0.230760 -0.311926 1.958002
0.141006 -0.220444 1.991125
0.095627 -0.182133 1.961453
0.108856 -0.196520 1.969000
