0.044777 -0.121487 2.528040
0.213723 0.156668 2.480358
0.359111 0.429383 2.410746
0.496047 0.426441 2.449608
0.198904 0.361284 2.314743
0.014258 0.241195 2.278434
-0.030917 0.026153 2.279453
-0.019039 -0.020196 2.302042
0.345947 0.267590 2.346149
0.301915 0.110667 2.538182
0.309929 -0.123747 2.647990
0.312212 -0.213966 2.675380
-0.018073 -0.096352 2.429990
0.083034 -0.418054 2.481051
0.047144 -0.788631 2.569132
0.124465 -0.840831 2.542332
0.107421 -0.143366 2.551942
-0.024361 -0.389662 2.351737
-0.005725 -0.815629 2.460225
0.074324 -0.825337 2.498730
0.323494 0.362504 2.429594
-0.022563 -0.098696 2.322407
0.028456 -0.012877 2.329602
0.340306 -0.271277 2.713418
0.285988 -0.225251 2.675917
