-0.128508 -0.066130 2.360909
-0.162515 0.225890 2.281598
-0.194781 0.508855 2.189929
-0.209350 0.650047 2.162056
-0.340001 0.398149 2.221533
-0.367264 0.178120 2.247444
-0.186023 -0.016881 2.131287
-0.153972 -0.037255 2.106750
-0.031292 0.413165 2.210610
0.037852 0.198170 2.230730
-0.048926 0.023502 2.138248
-0.111348 -0.018144 2.112104
-0.193547 -0.075461 2.325537
-0.187389 -0.429287 2.434384
-0.152277 -0.785016 2.521437
-0.186118 -0.857212 2.439641
-0.059689 -0.054854 2.325606
0.006069 -0.465890 2.362109
0.022132 -0.800901 2.447083
0.050534 -0.870081 2.354047
-0.187002 0.439461 2.215018
-0.125581 -0.054168 2.080674
-0.157472 -0.080606 2.095473
-0.157913 -0.070829 2.091608
-0.155398 -0.011487 2.097147
