-0.016716 -0.136121 2.095489
-0.039934 0.160496 2.031237
-0.061718 0.447196 1.954863
-0.082624 0.582629 1.905029
-0.209694 0.349498 2.025761
-0.231568 0.118232 2.109750
-0.192126 -0.087404 2.067241
-0.166671 -0.115690 2.052869
0.100363 0.352451 1.947102
0.188510 0.126502 1.988235
0.183718 -0.084563 1.960523
0.142872 -0.130649 1.949944
-0.084407 -0.139433 2.071635
0.017102 -0.537386 2.085872
-0.041604 -0.822946 2.246786
-0.053048 -0.924300 2.191081
0.051613 -0.128150 2.048683
0.088025 -0.537543 1.995397
0.057569 -0.896106 2.037587
0.028268 -0.958941 1.979814
-0.056464 0.376983 1.976075
-0.140883 -0.203380 2.050875
-0.134172 -0.138220 2.007788
0.125893 -0.202272 1.929870
0.113234 -0.114794 1.921546
