-0.405672 -0.073576 1.995342
-0.415748 0.184899 1.945148
-0.423516 0.435291 1.883447
-0.441061 0.556206 1.822752
-0.568637 0.351918 1.967737
-0.640068 0.211893 1.886328
-0.555114 0.348754 1.820437
-0.551236 0.376532 1.798565
-0.263181 0.323020 1.842437
-0.139510 0.301577 1.697881
-0.317772 0.443353 1.705004
-0.354645 0.461958 1.719078
-0.455960 -0.074440 1.993334
-0.472886 -0.454037 2.114341
-0.477666 -0.845233 2.268567
-0.552054 -0.905395 2.226650
-0.342820 -0.070665 1.936549
-0.263193 -0.453780 2.033755
-0.227155 -0.876749 2.181295
-0.203325 -0.929940 2.111370
-0.421932 0.373904 1.900875
-0.457104 0.411822 1.771276
-0.545226 0.364582 1.850444
-0.441562 0.484440 1.696620
-0.326653 0.420349 1.701000
