-0.305564 -0.136305 1.990626
-0.352012 0.160904 1.908309
-0.400283 0.453933 1.815978
-0.468669 0.571076 1.819034
-0.509575 0.355937 1.962176
-0.485776 0.082119 1.956619
-0.470673 -0.110780 1.893627
-0.520767 -0.119278 1.890540
-0.316951 0.288811 1.729979
-0.399109 0.040236 1.744411
-0.514927 -0.109521 1.878842
-0.532293 -0.123939 1.904273
-0.339583 -0.139754 1.971151
-0.432183 -0.480601 2.207609
-0.392402 -0.795767 2.252080
-0.457684 -0.839773 2.276550
-0.261434 -0.128444 1.939809
-0.289697 -0.517820 2.011350
-0.270746 -0.882075 2.133121
-0.332430 -0.939497 2.088340
-0.388731 0.382055 1.841112
-0.543184 -0.145207 1.912031
-0.545218 -0.143998 1.903000
-0.574808 -0.148927 1.945425
-0.510130 -0.141748 1.883556
