-0.203861 -0.148144 2.026936
-0.177940 0.144608 1.968514
-0.151807 0.427166 1.896851
-0.175401 0.564170 1.857888
-0.301940 0.359097 2.018370
-0.339730 0.100522 2.044327
-0.317865 -0.098676 1.968147
-0.316230 -0.149495 1.919987
-0.053132 0.294194 1.841986
-0.082151 0.059012 1.837613
-0.208094 -0.092266 1.857652
-0.257828 -0.139626 1.874987
-0.256357 -0.144464 2.028612
-0.190531 -0.539140 2.040715
-0.067405 -0.826739 2.331678
-0.111926 -0.859662 2.210677
-0.144384 -0.146477 1.954192
-0.171398 -0.556230 2.011222
-0.211732 -0.901387 2.096965
-0.223743 -0.958264 2.023489
-0.158425 0.358023 1.917021
-0.296036 -0.187115 1.902529
-0.268656 -0.162997 1.870800
-0.310645 -0.190728 1.910518
-0.211528 -0.150864 1.887714
