-0.183928 -0.112306 2.142330
-0.188724 0.184758 2.072849
-0.192120 0.472015 1.991413
-0.136130 0.600042 1.976402
-0.283424 0.335080 1.913143
-0.272737 0.094627 1.911194
-0.154920 -0.056964 1.978010
-0.100800 -0.105371 2.020916
-0.098578 0.380890 2.130553
-0.078834 0.112444 2.158089
-0.063782 -0.073004 2.074056
-0.075805 -0.120435 2.034188
-0.226980 -0.112090 2.050908
-0.285319 -0.503929 2.079012
-0.420693 -0.874391 2.203514
-0.396840 -0.926832 2.128109
-0.134886 -0.108566 2.162719
-0.166249 -0.488771 2.311509
-0.218937 -0.830604 2.358595
-0.155348 -0.878312 2.360924
-0.191505 0.401657 2.013908
-0.051724 -0.146254 2.025992
-0.046014 -0.118814 2.003934
-0.065934 -0.156698 2.023348
-0.038880 -0.119317 2.015461
