0.124266 0.014385 2.321993
0.112178 0.294366 2.211687
0.104749 0.563374 2.090957
0.201103 0.641389 2.054642
-0.014906 0.464078 2.052490
-0.113827 0.254638 2.063076
-0.096087 0.006687 2.075415
-0.074376 -0.056316 2.115432
0.246586 0.457891 2.217707
0.282530 0.230035 2.356591
0.348089 0.052665 2.454910
0.358959 -0.006575 2.475802
0.062594 0.008376 2.256723
0.028721 -0.341334 2.371612
0.040335 -0.703575 2.538685
0.081123 -0.767766 2.474801
0.183779 0.018616 2.313711
0.219018 -0.330507 2.393005
0.232910 -0.701602 2.507567
0.268407 -0.780061 2.431460
0.106465 0.497564 2.122916
-0.068987 -0.128058 2.095950
-0.012707 -0.034562 2.158487
0.353875 -0.059210 2.527551
0.339350 -0.041227 2.556500
