0.082973 0.018525 2.265717
0.090219 0.288593 2.158561
0.094349 0.548186 2.040686
0.066834 0.656010 1.941147
-0.064216 0.481963 2.125438
-0.114561 0.266878 2.261863
-0.152554 0.063037 2.323184
-0.138730 0.042370 2.336947
0.236707 0.445949 2.032699
0.370146 0.245078 2.000837
0.408896 0.021989 1.922794
0.395810 -0.054938 1.906187
0.011321 0.019115 2.242169
-0.028865 -0.332481 2.332606
-0.062333 -0.712447 2.419926
-0.129169 -0.795800 2.366991
0.152133 0.017484 2.217836
0.208998 -0.304234 2.333388
0.238816 -0.693243 2.501145
0.272465 -0.778882 2.443842
0.093550 0.484801 2.072034
-0.140291 -0.019291 2.375180
-0.084492 -0.006125 2.230500
0.391716 -0.122400 1.886037
0.423571 -0.054173 1.879429
