-0.496914 -0.275286 2.599433
-0.496754 -0.040922 2.471317
-0.494518 0.188865 2.331674
-0.465242 0.310051 2.272983
-0.644254 0.109621 2.329488
-0.664354 -0.113803 2.284773
-0.606155 -0.340685 2.186894
-0.585177 -0.401055 2.173208
-0.321889 0.124153 2.404477
-0.235412 -0.079386 2.420755
-0.250981 -0.276139 2.316545
-0.258140 -0.345121 2.276565
-0.564551 -0.277360 2.548012
-0.574004 -0.399179 2.222365
-0.535399 -0.793844 2.311414
-0.542784 -0.857768 2.230353
-0.416088 -0.265920 2.581112
-0.253639 -0.363724 2.289429
-0.303353 -0.767315 2.376477
-0.258077 -0.831922 2.301359
-0.495540 0.132170 2.368659
-0.578166 -0.484714 2.160667
-0.533218 -0.392179 2.170000
-0.264156 -0.421210 2.240207
-0.316148 -0.361658 2.288500
