-0.458839 -0.252144 2.623246
-0.464943 -0.018468 2.498066
-0.467294 0.209299 2.359329
-0.464808 0.334238 2.281747
-0.607857 0.115579 2.353931
-0.626594 -0.106969 2.321610
-0.565560 -0.306770 2.244711
-0.549790 -0.375661 2.226856
-0.295416 0.140841 2.404052
-0.201780 -0.070744 2.444112
-0.221799 -0.267062 2.339582
-0.258078 -0.301010 2.331501
-0.527664 -0.256157 2.578203
-0.549869 -0.395613 2.254098
-0.514649 -0.802493 2.253870
-0.525727 -0.875126 2.177055
-0.377618 -0.241517 2.598385
-0.227732 -0.363185 2.309656
-0.224281 -0.764175 2.332031
-0.181910 -0.836825 2.260040
-0.467287 0.153154 2.396302
-0.534187 -0.452985 2.204045
-0.502330 -0.358446 2.248857
-0.275824 -0.367972 2.277760
-0.332855 -0.295486 2.380096
