-0.367731 0.146750 2.588268
-0.368565 0.418727 2.504359
-0.371957 0.681342 2.413496
-0.381792 0.848120 2.415984
-0.532681 0.611405 2.427780
-0.688273 0.749005 2.613723
-0.805393 0.920027 2.782714
-0.823151 0.948327 2.797818
-0.279717 0.585460 2.395259
-0.514624 0.524493 2.310538
-0.633907 0.708804 2.490700
-0.771377 0.920145 2.720531
-0.430820 0.144305 2.551639
-0.450297 -0.168005 2.634266
-0.211313 -0.584458 2.583801
-0.277804 -0.482675 2.527985
-0.294633 0.145107 2.554443
-0.207604 -0.271001 2.596652
-0.283616 -0.534039 2.332335
-0.301568 -0.611294 2.304702
-0.371182 0.617103 2.437915
-0.846119 0.967845 2.797545
-0.785075 0.982517 2.720250
-0.787583 0.972408 2.759822
-0.735950 0.900992 2.717539
