-0.417876 -0.326479 2.637741
-0.440769 -0.074994 2.546857
-0.460453 0.171260 2.442398
-0.433877 0.293482 2.390132
-0.582237 0.070939 2.401913
-0.598053 -0.152350 2.343833
-0.549029 -0.349952 2.253170
-0.543245 -0.412800 2.253611
-0.294261 0.105427 2.519836
-0.212694 -0.123535 2.498667
-0.172843 -0.328120 2.422457
-0.167532 -0.393458 2.402798
-0.482748 -0.333789 2.579158
-0.530658 -0.448393 2.255016
-0.533013 -0.778035 2.113938
-0.538066 -0.832219 1.984072
-0.341940 -0.310788 2.626261
-0.121040 -0.444047 2.402083
0.092198 -0.792333 2.240559
0.161611 -0.798074 2.158667
-0.456076 0.110442 2.470848
-0.526092 -0.498633 2.217762
-0.574798 -0.440621 2.217940
-0.139340 -0.474620 2.372647
-0.220401 -0.391745 2.385483
