-0.286480 0.013106 2.276655
-0.286553 0.296474 2.176881
-0.284281 0.570692 2.066025
-0.219324 0.691380 2.040669
-0.407480 0.448467 1.999635
-0.480806 0.217919 1.991406
-0.446637 -0.022642 1.989853
-0.420257 -0.097713 2.018921
-0.160679 0.455861 2.190122
-0.138919 0.225550 2.309272
-0.093203 0.022507 2.368371
-0.090636 -0.029187 2.364657
-0.339238 0.005065 2.208526
-0.408371 -0.367182 2.281389
-0.461292 -0.735857 2.449974
-0.450826 -0.814411 2.371445
-0.224797 0.020723 2.274350
-0.187212 -0.334748 2.388078
-0.172199 -0.693035 2.520778
-0.112113 -0.772568 2.483721
-0.285196 0.503559 2.095775
-0.411095 -0.176093 2.044328
-0.396646 -0.068166 2.095346
-0.080951 -0.075286 2.370890
-0.119324 -0.054652 2.320072
