-0.135381 0.003585 2.260975
-0.135848 0.298450 2.158108
-0.134720 0.583762 2.044219
-0.041589 0.680792 2.037943
-0.228776 0.450176 1.955737
-0.259705 0.194992 1.892121
-0.200191 -0.042417 1.870697
-0.177155 -0.126902 1.879057
-0.040189 0.457528 2.184237
-0.017297 0.280410 2.299269
-0.015073 0.071465 2.496792
0.000770 0.015197 2.551409
-0.184592 -0.007517 2.185414
-0.262252 -0.400672 2.298220
-0.345213 -0.734311 2.435977
-0.318945 -0.813179 2.356956
-0.081760 0.014802 2.265669
-0.086001 -0.333670 2.422084
-0.070455 -0.686998 2.515296
0.008466 -0.753899 2.529844
-0.135171 0.513920 2.074715
-0.158343 -0.189449 1.888490
-0.137431 -0.131768 1.884250
0.016494 -0.022490 2.590378
-0.008077 0.000311 2.508599
