-0.478817 -0.258595 2.654003
-0.476320 -0.003857 2.569568
-0.472995 0.244636 2.469854
-0.474966 0.371485 2.415583
-0.626630 0.146910 2.493694
-0.674910 -0.084704 2.501659
-0.651730 -0.245396 2.345269
-0.634190 -0.314704 2.308880
-0.310537 0.156926 2.514452
-0.214880 -0.044270 2.571604
-0.194697 -0.222629 2.436487
-0.229057 -0.280164 2.404083
-0.550506 -0.256654 2.613126
-0.610348 -0.380860 2.295281
-0.551107 -0.759291 2.415252
-0.570700 -0.827655 2.352528
-0.394315 -0.254231 2.625286
-0.280707 -0.361995 2.313607
-0.316474 -0.743408 2.446593
-0.278662 -0.813638 2.382693
-0.474208 0.183367 2.497116
-0.623028 -0.378981 2.233954
-0.591169 -0.308592 2.319347
-0.232775 -0.363863 2.315885
-0.283644 -0.273118 2.383316
