-0.221430 -0.011675 2.157564
-0.289431 0.272777 2.079279
-0.354636 0.547473 1.989869
-0.441730 0.649720 1.951923
-0.463245 0.386021 2.074600
-0.555836 0.197180 2.169206
-0.691236 0.029867 2.196337
-0.779719 -0.022918 2.208971
-0.188035 0.449757 1.946525
-0.035002 0.256836 1.950356
-0.042438 0.036526 1.946408
-0.068718 -0.022283 1.949221
-0.280595 -0.020279 2.142205
-0.274403 -0.352586 2.244836
-0.247190 -0.732134 2.383218
-0.292743 -0.822332 2.315698
-0.155522 -0.002527 2.101857
-0.037662 -0.361702 2.198090
0.012797 -0.735889 2.420358
0.034456 -0.806167 2.359136
-0.338913 0.480282 2.014265
-0.844837 -0.076850 2.225595
-0.747473 -0.039583 2.231941
-0.090560 -0.090082 1.961381
-0.092814 -0.056274 1.908931
