-0.005627 -0.008465 2.065174
0.019124 0.278310 2.011284
0.041813 0.554775 1.943618
0.052899 0.698432 1.935152
-0.123418 0.464316 1.954159
-0.289737 0.482738 1.797325
-0.125736 0.638816 1.762150
-0.092935 0.679428 1.774623
0.183425 0.413481 1.916089
0.248199 0.175411 1.947697
0.254234 -0.044544 1.936423
0.241322 -0.101261 1.947194
-0.078189 -0.002745 2.039240
-0.127940 -0.369531 2.140769
-0.163941 -0.752282 2.332990
-0.216917 -0.832236 2.276371
0.067124 -0.013913 2.019894
0.086334 -0.353133 2.153113
0.078548 -0.740806 2.349780
0.101536 -0.829414 2.291809
0.036047 0.486924 1.962626
-0.045233 0.737778 1.782296
-0.011802 0.619124 1.819509
0.216111 -0.179236 1.948232
0.271902 -0.131369 1.944387
