-0.440657 -0.262159 2.622777
-0.426002 -0.109958 2.379092
-0.408555 0.045290 2.128764
-0.377379 0.133225 2.054386
-0.564521 -0.014836 2.191512
-0.640208 -0.200137 2.259225
-0.536502 -0.398604 2.169678
-0.520016 -0.446975 2.187963
-0.241477 0.029563 2.222321
-0.143037 -0.097340 2.413430
-0.183430 -0.293208 2.315492
-0.192663 -0.336468 2.288379
-0.507095 -0.269148 2.574730
-0.517521 -0.378386 2.230926
-0.460286 -0.768541 2.396503
-0.475640 -0.833108 2.323498
-0.362775 -0.248491 2.601272
-0.196258 -0.354190 2.305060
-0.254331 -0.756866 2.408597
-0.212178 -0.821477 2.346339
-0.413452 0.006481 2.193640
-0.535909 -0.525624 2.198052
-0.460266 -0.434014 2.214483
-0.197743 -0.443863 2.264191
-0.239595 -0.341165 2.272296
