0.661665 0.053015 2.329138
0.683496 0.360314 2.247190
0.700399 0.658459 2.155771
0.808236 0.760099 2.147904
0.600391 0.508843 2.086282
0.702369 0.288419 2.063084
0.666531 0.480311 1.958953
0.632870 0.508635 2.019556
0.810365 0.572271 2.291483
0.852412 0.341695 2.456522
0.943687 0.097456 2.457054
0.951049 0.073161 2.322859
0.604229 0.055696 2.263677
0.616598 -0.372659 2.271920
0.603022 -0.759643 2.335727
0.668027 -0.807902 2.287405
0.696747 0.050734 2.329483
0.692056 -0.357698 2.426149
0.563568 -0.779057 2.518983
0.648138 -0.789057 2.414728
0.696810 0.585292 2.180398
0.603247 0.542926 2.023056
0.668546 0.532444 2.030700
0.942422 0.051829 2.277600
0.930673 0.029549 2.289000
