0.536936 -0.103129 1.906921
0.515959 0.212987 1.799359
0.487260 0.517565 1.680135
0.582165 0.622414 1.656953
0.371522 0.373860 1.628066
0.359726 0.121599 1.608119
0.558142 0.036520 1.623225
0.619292 0.004782 1.635458
0.620515 0.345022 1.844540
0.537572 0.103248 1.670829
0.744340 0.117481 1.864713
0.779793 0.105146 1.860580
0.471382 -0.099295 1.836829
0.436665 -0.440393 1.903253
0.428043 -0.818769 2.074653
0.502200 -0.881238 2.039260
0.582949 -0.100518 1.908939
0.630716 -0.430859 2.077061
0.576296 -0.782750 2.249942
0.616465 -0.841943 2.196963
0.495274 0.443145 1.711547
0.676998 -0.034757 1.647125
0.590691 -0.013182 1.648938
0.833134 0.102613 1.831296
0.721486 0.157805 1.870889
