-0.306010 0.089783 2.459920
-0.290439 0.421567 2.418534
-0.276067 0.746532 2.365200
-0.217702 0.861261 2.343415
-0.378036 0.613320 2.319638
-0.527561 0.770290 2.497056
-0.588533 0.978627 2.680287
-0.590760 1.060180 2.696683
-0.138205 0.586192 2.388747
-0.321058 0.485424 2.299953
-0.382279 0.373426 2.466208
-0.456329 0.312373 2.393329
-0.375915 0.093788 2.417331
-0.442636 -0.269102 2.406681
-0.424314 -0.739334 2.310735
-0.327763 -0.669496 2.229542
-0.227221 0.083254 2.433193
-0.233690 -0.308526 2.564322
-0.210223 -0.678927 2.632842
-0.179903 -0.733247 2.522312
-0.279206 0.666595 2.379318
-0.623172 1.136207 2.735723
-0.568859 1.091581 2.666080
-0.454492 0.307880 2.383641
-0.446714 0.312719 2.361687
