-0.398285 0.110603 2.593652
-0.381996 0.415451 2.507876
-0.357593 0.703499 2.410745
-0.396493 0.845727 2.418400
-0.554910 0.617030 2.439111
-0.690163 0.793560 2.609334
-0.743993 0.992312 2.725022
-0.752755 1.030555 2.732016
-0.318755 0.596344 2.412227
-0.522431 0.542222 2.336197
-0.586007 0.426116 2.498998
-0.573025 0.338774 2.494614
-0.467355 0.107340 2.557302
-0.419859 -0.209184 2.623499
-0.313870 -0.538063 2.306833
-0.349893 -0.436350 2.333861
-0.318726 0.110740 2.559895
-0.243117 -0.300118 2.627507
-0.199739 -0.685632 2.642860
-0.208714 -0.743659 2.531391
-0.364678 0.632776 2.436732
-0.736802 1.080338 2.750382
-0.807311 1.003815 2.758429
-0.600973 0.331712 2.524089
-0.605869 0.371334 2.533000
