-0.385561 0.101475 2.597723
-0.390947 0.414862 2.520714
-0.394315 0.713280 2.431628
-0.369216 0.851598 2.426495
-0.526002 0.604718 2.416137
-0.691442 0.757054 2.583656
-0.715996 0.943836 2.710452
-0.736004 0.987570 2.747361
-0.293494 0.589345 2.407955
-0.487685 0.512159 2.323739
-0.619852 0.696133 2.496592
-0.679007 0.782501 2.566947
-0.457691 0.098019 2.560889
-0.434791 -0.200990 2.629087
-0.321586 -0.541634 2.313560
-0.320620 -0.600031 2.200839
-0.303056 0.102535 2.564932
-0.237508 -0.298988 2.638147
-0.195936 -0.680817 2.647754
-0.197137 -0.738435 2.534993
-0.394032 0.640560 2.455848
-0.771433 1.025074 2.771672
-0.718813 0.976802 2.676500
-0.713516 0.843802 2.605019
-0.697995 0.735411 2.588000
