-0.195393 -0.027774 2.127430
-0.219258 0.280418 2.061966
-0.241483 0.577458 1.984253
-0.332208 0.685020 1.974009
-0.350987 0.454482 2.084902
-0.370379 0.216805 2.211416
-0.370883 -0.011333 2.390075
-0.384556 -0.025736 2.404018
-0.123586 0.432915 1.881124
-0.107425 0.171360 1.847299
-0.209872 -0.025826 1.877709
-0.246486 -0.085987 1.921371
-0.251696 -0.019651 2.131216
-0.145486 -0.407452 2.245169
-0.075742 -0.716289 2.391549
-0.096725 -0.793434 2.370683
-0.132545 -0.035006 2.052933
-0.197028 -0.414391 2.102643
-0.221106 -0.798245 2.220440
-0.288449 -0.865566 2.161879
-0.236232 0.504821 2.005786
-0.393912 -0.058592 2.404642
-0.398304 -0.038505 2.371000
-0.318154 -0.140527 1.924764
-0.182066 -0.138104 1.937970
