-0.161697 -0.040418 2.171742
-0.210207 0.256714 2.091031
-0.253475 0.546603 1.996599
-0.357749 0.621173 1.962572
-0.362920 0.423743 2.097156
-0.418415 0.251795 2.267137
-0.444519 0.121862 2.429924
-0.472250 0.097371 2.450414
-0.113101 0.446423 1.920096
-0.020669 0.183555 1.886304
-0.023393 -0.054624 1.922178
-0.046688 -0.132527 1.974665
-0.224588 -0.043895 2.179689
-0.225125 -0.277842 2.350500
-0.057152 -0.711481 2.462423
-0.142539 -0.781762 2.411231
-0.093268 -0.035319 2.092737
-0.092467 -0.392037 2.159921
-0.089896 -0.772814 2.269379
-0.153657 -0.853867 2.199319
-0.243568 0.475716 2.022206
-0.489412 -0.016322 2.476224
-0.487994 0.041409 2.416917
-0.034183 -0.221193 1.990428
-0.106039 -0.098817 2.000165
