-0.039178 -0.043317 2.044853
-0.046593 0.249179 1.978889
-0.053475 0.530477 1.901778
-0.026128 0.664597 1.844661
-0.207971 0.424770 1.889372
-0.313527 0.227620 1.881596
-0.119728 0.254492 1.767777
-0.053277 0.250004 1.737336
0.119624 0.441849 1.948598
0.207024 0.237067 1.905735
0.077015 0.305177 1.731711
0.016865 0.260887 1.699047
-0.112747 -0.046287 1.997288
-0.140331 -0.424124 2.133862
-0.143244 -0.782297 2.274737
-0.153601 -0.856317 2.182396
0.035903 -0.038741 2.021409
0.044357 -0.372947 2.164838
0.042096 -0.754563 2.341668
0.087419 -0.830135 2.279094
-0.051853 0.461839 1.923117
0.021115 0.239410 1.666680
-0.002676 0.282973 1.747250
-0.029412 0.252472 1.669785
0.033763 0.238614 1.660657
