-0.019372 -0.035971 2.077122
-0.021571 0.253021 2.008327
-0.023437 0.531555 1.927826
-0.008223 0.664765 1.852252
-0.178976 0.442068 1.942713
-0.295847 0.251922 1.950653
-0.150761 0.164611 1.798325
-0.086177 0.146473 1.708018
0.140829 0.434673 1.966454
0.253160 0.253408 2.025281
0.389251 0.210252 1.848731
0.404134 0.219588 1.864864
-0.094028 -0.037137 2.034475
-0.129346 -0.427223 2.142441
-0.142331 -0.779465 2.271930
-0.152689 -0.855752 2.182643
0.055810 -0.033448 2.049151
0.058039 -0.372059 2.181528
0.045744 -0.751625 2.337309
0.083520 -0.829091 2.284327
-0.023033 0.463478 1.950036
-0.054736 0.144987 1.696559
-0.031785 0.170275 1.709500
0.481167 0.221772 1.823888
0.403604 0.246040 1.824938
