0.140958 -0.021541 2.352615
0.245411 0.269584 2.249493
0.338793 0.554540 2.137341
0.441549 0.654080 2.134208
0.226448 0.431606 2.090927
0.299946 0.184698 2.081720
0.423220 -0.027869 2.229549
0.471083 -0.056269 2.278361
0.428394 0.431360 2.275025
0.338679 0.170335 2.138665
0.458819 -0.048178 2.286533
0.514366 -0.103265 2.325854
0.067480 -0.000933 2.257907
0.089728 -0.388531 2.273224
0.024547 -0.766453 2.301548
0.082653 -0.840552 2.232592
0.209317 -0.040906 2.377031
0.053716 -0.440992 2.294325
0.139134 -0.707396 2.542637
0.231406 -0.743070 2.558726
0.316400 0.484534 2.167623
0.498715 -0.080917 2.297581
0.437447 -0.063167 2.278627
0.546611 -0.157788 2.350861
0.563699 -0.147300 2.317625
