0.081533 -0.041844 2.040503
0.105408 0.249391 1.951986
0.129856 0.529993 1.851582
0.164113 0.659543 1.790128
-0.027984 0.430907 1.855728
-0.233506 0.306146 1.817835
-0.406944 0.203861 1.739045
-0.452499 0.173962 1.723192
0.303766 0.412522 1.894977
0.508808 0.326028 1.873361
0.696451 0.286567 1.776163
0.727090 0.278551 1.755039
0.005073 -0.035062 1.997467
-0.125150 -0.388764 2.005148
-0.276732 -0.776152 2.001582
-0.318171 -0.819607 1.885804
0.155033 -0.046889 2.012189
0.164883 -0.358797 2.112656
0.146356 -0.756187 2.279800
0.174827 -0.840559 2.213893
0.123837 0.461546 1.878818
-0.500054 0.122290 1.697366
-0.417957 0.233372 1.685583
0.793113 0.255307 1.699929
0.791298 0.238692 1.733667
