0.545292 -0.179380 2.332138
0.616496 0.132042 2.278752
0.679586 0.424452 2.216714
0.808436 0.489376 2.244074
0.626235 0.266520 2.141328
0.603303 0.003631 2.117902
0.633699 -0.183777 2.147078
0.607434 -0.220113 2.178064
0.773700 0.279994 2.381891
0.870308 0.190385 2.528550
0.809849 0.004621 2.501852
0.800485 -0.110216 2.478759
0.507883 -0.170004 2.265896
0.556220 -0.474706 2.323381
0.534582 -0.828820 2.430526
0.586868 -0.885140 2.417455
0.565943 -0.186677 2.338701
0.528649 -0.441089 2.537840
0.645355 -0.818893 2.594237
0.688192 -0.858856 2.605483
0.665560 0.352305 2.233732
0.621684 -0.280670 2.195216
0.637263 -0.228467 2.162208
0.797604 -0.116037 2.459603
0.795302 -0.105125 2.442188
