0.665938 -0.138398 2.356918
0.642367 0.138374 2.278314
0.616130 0.404950 2.188315
0.665879 0.517708 2.167340
0.511120 0.273568 2.133397
0.509055 0.016076 2.118239
0.581562 -0.163635 2.107462
0.577801 -0.214410 2.130179
0.742524 0.278380 2.299301
0.835184 0.103862 2.264471
1.001796 -0.025165 2.128047
1.015953 -0.018597 2.107817
0.606026 -0.139437 2.272029
0.566383 -0.449783 2.306601
0.533032 -0.825606 2.431358
0.583832 -0.885142 2.412351
0.706054 -0.133653 2.377729
0.562084 -0.412190 2.507111
0.648725 -0.822416 2.591641
0.689227 -0.863610 2.596900
0.623702 0.339438 2.213087
0.610617 -0.265778 2.139944
0.547050 -0.220367 2.157769
1.064498 -0.033741 2.106836
1.007220 -0.053826 2.114637
