0.603880 -0.157384 2.270897
0.601773 0.118613 2.192893
0.593944 0.386899 2.099486
0.666622 0.489030 2.078684
0.496562 0.253585 2.056662
0.485470 -0.011345 2.055434
0.555346 -0.191616 2.056850
0.561087 -0.217258 2.086806
0.708370 0.269096 2.225206
0.779468 0.092631 2.390722
0.772599 -0.168120 2.342594
0.765581 -0.195903 2.302087
0.548735 -0.157550 2.224535
0.545167 -0.453486 2.274140
0.529820 -0.824778 2.425362
0.583177 -0.883127 2.412642
0.641094 -0.154071 2.251503
0.721438 -0.372776 2.469816
0.517900 -0.732891 2.572575
0.550792 -0.822465 2.534775
0.596854 0.320897 2.125131
0.595063 -0.276978 2.101655
0.519439 -0.209436 2.114346
0.768501 -0.222734 2.247503
0.754303 -0.175921 2.267875
