-0.524206 -0.177176 2.285375
-0.508634 0.068193 2.150109
-0.491480 0.300638 2.007779
-0.446313 0.422336 1.986318
-0.606161 0.208238 1.978530
-0.699052 -0.008623 2.042566
-0.640876 -0.192517 2.065282
-0.625521 -0.221401 2.112194
-0.373753 0.243857 2.149596
-0.366430 0.054036 2.316059
-0.336746 -0.138256 2.319342
-0.373389 -0.145363 2.312686
-0.572895 -0.181267 2.227818
-0.595855 -0.472225 2.217037
-0.585534 -0.812909 2.337731
-0.531291 -0.863994 2.257435
-0.460740 -0.168041 2.277972
-0.440353 -0.472526 2.348347
-0.435130 -0.795538 2.469634
-0.427443 -0.870572 2.429801
-0.496694 0.244293 2.046351
-0.617030 -0.257086 2.121605
-0.665185 -0.224799 2.104765
-0.376413 -0.212647 2.313925
-0.397256 -0.142018 2.268420
