-0.350385 -0.065544 2.582998
-0.336024 0.218476 2.528165
-0.317377 0.495498 2.459738
-0.404230 0.572403 2.433248
-0.486683 0.389756 2.452618
-0.601272 0.562056 2.593404
-0.636680 0.739596 2.667068
-0.671835 0.804498 2.675790
-0.251211 0.384508 2.469486
-0.162220 0.252313 2.646319
-0.183706 0.185984 2.816090
-0.191088 0.164239 2.876315
-0.418377 -0.063267 2.547462
-0.459412 -0.359825 2.439736
-0.487136 -0.733026 2.365219
-0.475957 -0.778448 2.260763
-0.273508 -0.066113 2.552068
-0.263289 -0.374178 2.657973
-0.285807 -0.704551 2.726743
-0.277625 -0.751326 2.621439
-0.321544 0.427628 2.478971
-0.674872 0.864257 2.684303
-0.663907 0.817137 2.635616
-0.190486 0.155892 2.867326
-0.184251 0.151349 2.851144
