-0.064785 -0.257317 1.929751
-0.032774 0.024804 1.879281
-0.002037 0.296889 1.814597
-0.036675 0.416923 1.788479
-0.160349 0.203424 1.896058
-0.205749 -0.026311 1.955163
-0.219888 -0.214365 1.894561
-0.206355 -0.247509 1.884745
0.119990 0.174066 1.783704
0.168699 -0.051875 1.797205
0.103801 -0.233260 1.752863
0.079401 -0.253696 1.765470
-0.129879 -0.245150 1.915110
-0.120475 -0.496565 2.038248
-0.105943 -0.840024 2.201764
-0.131992 -0.919041 2.172788
0.002593 -0.260959 1.877082
0.059957 -0.514397 1.955709
0.067154 -0.866808 2.112103
0.047887 -0.934180 2.080039
-0.009321 0.230177 1.832653
-0.200157 -0.293715 1.881748
-0.172958 -0.239692 1.858899
0.053609 -0.308711 1.769210
0.111371 -0.262601 1.752457
