-0.191134 -0.207273 2.143004
-0.225462 0.076143 2.087435
-0.257296 0.351533 2.020724
-0.212218 0.469705 2.006078
-0.340402 0.223007 1.951526
-0.372653 -0.000237 1.933990
-0.286462 -0.176309 1.915286
-0.262312 -0.201434 1.936777
-0.135704 0.249230 2.138425
-0.085222 0.020398 2.247542
-0.047045 -0.169275 2.210755
-0.063692 -0.195237 2.197138
-0.239205 -0.208892 2.071171
-0.295863 -0.488061 2.064186
-0.332503 -0.858017 2.136260
-0.270292 -0.895662 2.054168
-0.137136 -0.199107 2.148696
-0.198975 -0.489115 2.292943
-0.253891 -0.822874 2.390304
-0.202139 -0.888782 2.376517
-0.249727 0.283870 2.039430
-0.239918 -0.236279 1.940500
-0.227015 -0.211761 1.925588
-0.071227 -0.222452 2.194870
-0.049471 -0.192953 2.184395
