-0.476436 -0.188527 2.227909
-0.469306 0.093226 2.169394
-0.458552 0.366819 2.098518
-0.488103 0.477026 2.056185
-0.608083 0.268354 2.173253
-0.659903 0.031433 2.265209
-0.697504 -0.158666 2.270065
-0.701362 -0.203558 2.270689
-0.327957 0.249789 2.075031
-0.236031 0.017589 2.088821
-0.147188 -0.155670 2.057522
-0.124918 -0.209427 2.058827
-0.532723 -0.187364 2.210538
-0.516081 -0.462511 2.326262
-0.474617 -0.793824 2.400110
-0.499991 -0.880967 2.376348
-0.404584 -0.183847 2.179555
-0.311214 -0.485409 2.207177
-0.229565 -0.823074 2.318871
-0.256099 -0.866028 2.219519
-0.461809 0.299597 2.118318
-0.692748 -0.239216 2.275422
-0.673588 -0.200274 2.248636
-0.108074 -0.267861 2.053691
-0.099693 -0.207102 2.048143
