-0.151199 -0.191898 2.119869
-0.162911 0.094340 2.064635
-0.173176 0.372143 1.997224
-0.109279 0.484549 2.004746
-0.241340 0.233797 1.920390
-0.224484 -0.013899 1.892373
-0.125650 -0.181338 1.905365
-0.123916 -0.225887 1.920504
-0.064945 0.274295 2.112754
-0.037320 0.038885 2.218578
-0.058123 -0.206717 2.239158
-0.048037 -0.203054 2.305382
-0.197633 -0.190521 2.043848
-0.135071 -0.480547 2.031936
-0.122352 -0.875248 2.126070
-0.054661 -0.935946 2.135407
-0.100131 -0.187265 2.129391
-0.201089 -0.492281 2.227359
-0.223193 -0.794821 2.299142
-0.177030 -0.878121 2.244788
-0.170845 0.303929 2.016190
-0.096193 -0.260754 1.938658
-0.160040 -0.261268 1.922737
-0.048002 -0.205836 2.300557
-0.047168 -0.204867 2.294124
