-0.265964 -0.184335 2.164288
-0.303751 0.094221 2.096274
-0.334606 0.365377 2.016866
-0.296559 0.488822 2.023841
-0.397732 0.228423 1.948191
-0.390740 -0.013063 1.921718
-0.304922 -0.188878 1.925391
-0.283333 -0.229382 1.955641
-0.249064 0.285654 2.159811
-0.207712 0.047784 2.257535
-0.166759 -0.114501 2.346443
-0.159932 -0.163577 2.365695
-0.302351 -0.193304 2.092462
-0.246298 -0.523439 2.065836
-0.324586 -0.895708 2.134965
-0.279279 -0.950162 2.105507
-0.221276 -0.169512 2.170406
-0.337908 -0.473021 2.257907
-0.376510 -0.777241 2.316819
-0.313216 -0.849987 2.255394
-0.327621 0.298740 2.038832
-0.247658 -0.294124 1.966539
-0.262693 -0.210771 1.910857
-0.145413 -0.211994 2.380195
-0.167993 -0.173924 2.333734
