0.202672 -0.165683 2.369402
0.161522 0.112062 2.310557
0.118599 0.382394 2.237816
0.163274 0.500624 2.213097
0.018383 0.263812 2.176992
-0.018334 0.023185 2.163067
0.035338 -0.164225 2.141432
0.059975 -0.202516 2.162900
0.245377 0.284028 2.341243
0.297020 0.039647 2.416715
0.340633 -0.152026 2.441136
0.342536 -0.176878 2.446529
0.143343 -0.171992 2.302134
0.083887 -0.444437 2.361267
0.092298 -0.786023 2.514804
0.123239 -0.863103 2.488892
0.256440 -0.155328 2.369932
0.249824 -0.455864 2.509917
0.245132 -0.764034 2.658154
0.282712 -0.834435 2.654317
0.129434 0.315899 2.258232
0.069178 -0.268655 2.177413
0.110996 -0.172635 2.165843
0.361944 -0.211774 2.465181
0.313395 -0.175313 2.413470
