-0.180968 -0.239604 2.014080
-0.215342 0.042346 1.949590
-0.247323 0.316021 1.872374
-0.187001 0.435339 1.867654
-0.327725 0.190577 1.807894
-0.344221 -0.032163 1.773026
-0.268171 -0.212538 1.756230
-0.250910 -0.258343 1.783542
-0.139119 0.230281 2.012003
-0.105829 -0.004881 2.116138
-0.067987 -0.194633 2.128463
-0.071213 -0.244181 2.133755
-0.225346 -0.242386 1.939439
-0.273635 -0.520962 1.943895
-0.317317 -0.883048 2.079396
-0.287178 -0.942823 2.065527
-0.130422 -0.228915 2.022178
-0.162300 -0.493362 2.140002
-0.257459 -0.865959 2.302257
-0.222602 -0.924596 2.256190
-0.239724 0.248831 1.893838
-0.232410 -0.325018 1.796178
-0.264060 -0.297583 1.751039
-0.074654 -0.293420 2.138285
-0.062545 -0.242703 2.125695
