-0.259060 -0.232613 2.046725
-0.291661 0.046413 2.033725
-0.321274 0.316592 2.008627
-0.288424 0.432880 1.956547
-0.431062 0.201893 1.938381
-0.477683 0.014111 1.887026
-0.252278 0.115670 1.779766
-0.181844 0.132160 1.739385
-0.163879 0.243590 2.053967
-0.076282 0.042748 2.032814
-0.137217 0.113406 1.795990
-0.162590 0.128660 1.735532
-0.318900 -0.232326 1.989162
-0.295173 -0.529065 2.054317
-0.266363 -0.859282 2.163374
-0.229260 -0.899327 2.064860
-0.190675 -0.225463 2.038154
-0.200634 -0.496403 2.105303
-0.357932 -0.823179 2.315112
-0.354912 -0.911994 2.299270
-0.314326 0.250264 2.017020
-0.129607 0.148713 1.734765
-0.154496 0.154394 1.741000
-0.184754 0.153779 1.708517
-0.124498 0.150491 1.729261
