-0.166095 -0.211500 2.020942
-0.135208 0.052783 1.966672
-0.104658 0.312519 1.901873
-0.138198 0.431511 1.846196
-0.264937 0.244179 1.978835
-0.317069 0.060795 1.904890
-0.206627 0.066179 1.734268
-0.135453 0.058859 1.712874
0.022647 0.208559 1.879652
0.037344 -0.003340 1.831863
-0.118500 0.059755 1.722370
-0.190375 0.057042 1.715524
-0.228821 -0.198019 2.005811
-0.297182 -0.486408 2.047970
-0.334921 -0.843503 2.183925
-0.359966 -0.884723 2.084291
-0.098739 -0.217291 1.970548
-0.067730 -0.488085 2.081266
-0.080356 -0.828935 2.204365
-0.108901 -0.870314 2.104340
-0.112586 0.248816 1.920835
-0.100407 0.057098 1.711635
-0.111840 0.040864 1.716333
-0.259351 0.054897 1.697009
-0.212770 0.066548 1.678333
