0.043258 -0.227311 2.050299
0.071228 0.050795 1.987315
0.097491 0.320672 1.911960
0.061833 0.441452 1.899222
-0.028165 0.249333 2.041178
-0.054375 0.056495 1.990308
-0.086252 0.015215 1.793497
-0.096998 0.001538 1.731549
0.181424 0.187041 1.854513
0.193637 -0.010386 1.839853
-0.065527 0.027739 1.869224
-0.096058 0.048613 1.884647
-0.009478 -0.219796 2.057408
-0.014352 -0.485778 2.161671
0.050920 -0.839100 2.240381
0.020257 -0.915398 2.221683
0.094607 -0.227448 1.976812
0.113808 -0.530301 1.971290
0.209418 -0.891571 2.106186
0.191811 -0.955617 2.068816
0.091163 0.254419 1.932941
-0.147752 -0.008848 1.688654
-0.073006 -0.025024 1.689862
-0.144608 0.098076 1.903157
-0.123650 0.036170 1.832214
