-0.512711 -0.425664 2.657369
-0.512499 -0.170571 2.663817
-0.510502 0.079086 2.658474
-0.491568 0.206884 2.618289
-0.651773 0.003181 2.644245
-0.686555 -0.186044 2.600247
-0.568275 -0.272711 2.445845
-0.550321 -0.265798 2.455033
-0.359074 -0.000402 2.674928
-0.318617 -0.203065 2.633190
-0.374384 -0.307268 2.469929
-0.412280 -0.345995 2.433802
-0.580535 -0.419142 2.614566
-0.490407 -0.370915 2.259885
-0.348877 -0.650599 2.177634
-0.335733 -0.694796 2.072007
-0.432268 -0.422002 2.635169
-0.393514 -0.449434 2.330534
-0.516636 -0.844530 2.376204
-0.501897 -0.887258 2.271357
-0.511411 0.017322 2.661970
-0.507536 -0.291340 2.383231
-0.584367 -0.294124 2.365334
-0.421629 -0.388548 2.354737
-0.385691 -0.380385 2.418500
