-0.512689 -0.425802 2.657232
-0.512357 -0.170788 2.663656
-0.509874 0.078834 2.658227
-0.491633 0.206263 2.617140
-0.651201 0.003903 2.643248
-0.686701 -0.185254 2.599754
-0.568097 -0.272687 2.445934
-0.564164 -0.258974 2.454933
-0.359023 -0.000198 2.675023
-0.318714 -0.202951 2.631862
-0.374086 -0.309073 2.469774
-0.411456 -0.348691 2.434772
-0.580459 -0.419243 2.614122
-0.490577 -0.371360 2.259873
-0.348650 -0.650563 2.177356
-0.335141 -0.694751 2.071765
-0.432280 -0.422147 2.635232
-0.393711 -0.449012 2.330082
-0.510465 -0.829065 2.368476
-0.495404 -0.871925 2.263607
-0.510938 0.017076 2.661745
-0.520757 -0.277553 2.411233
-0.582658 -0.274178 2.419000
-0.423823 -0.388587 2.353003
-0.384855 -0.373131 2.430066
