-0.528511 -0.174687 2.288895
-0.511356 0.101784 2.224315
-0.489890 0.370516 2.147756
-0.539335 0.468120 2.104826
-0.619990 0.272869 2.256767
-0.659864 0.023298 2.321274
-0.646878 -0.168392 2.279218
-0.645268 -0.176892 2.285658
-0.379251 0.262565 2.110090
-0.303423 0.044187 2.117922
-0.389367 -0.128589 2.085511
-0.409837 -0.160804 2.103234
-0.579743 -0.171659 2.283763
-0.539493 -0.464464 2.378351
-0.473875 -0.808384 2.458063
-0.494104 -0.875104 2.444077
-0.461736 -0.172781 2.229198
-0.376282 -0.465467 2.239389
-0.292781 -0.817270 2.341671
-0.312107 -0.891662 2.300554
-0.495844 0.304436 2.168954
-0.622810 -0.235652 2.292724
-0.661957 -0.177970 2.278500
-0.428327 -0.194129 2.108535
-0.378291 -0.159099 2.101715
