-0.472658 -0.414593 2.652176
-0.477113 -0.160486 2.661056
-0.478425 0.087405 2.656708
-0.491736 0.211344 2.626748
-0.623771 -0.001376 2.646480
-0.620464 -0.179334 2.551478
-0.503277 -0.225215 2.392507
-0.487477 -0.229037 2.385062
-0.332956 0.009096 2.662165
-0.297108 -0.182654 2.631284
-0.293546 -0.212200 2.429982
-0.321780 -0.224095 2.383267
-0.541522 -0.412576 2.613946
-0.517623 -0.447270 2.306357
-0.531257 -0.829050 2.399355
-0.521466 -0.872154 2.294172
-0.392171 -0.406499 2.625042
-0.406642 -0.458654 2.317072
-0.394046 -0.845995 2.412562
-0.401929 -0.906673 2.352294
-0.478342 0.026286 2.659479
-0.440044 -0.271635 2.337649
-0.438654 -0.252789 2.401667
-0.308098 -0.246891 2.354917
-0.323130 -0.203122 2.365000
