-0.011313 -0.235890 2.024275
-0.019483 0.045304 1.980046
-0.026091 0.317733 1.923256
-0.000320 0.440547 1.873811
-0.164443 0.210378 1.905803
-0.217681 -0.010393 1.925870
-0.181204 -0.196517 1.868970
-0.147767 -0.241992 1.891538
0.135956 0.216629 1.978919
0.174973 -0.008133 2.038610
0.174552 -0.190415 1.959147
0.146595 -0.197733 1.960555
-0.079048 -0.233458 1.977905
-0.126337 -0.498613 2.069380
-0.127169 -0.842784 2.227622
-0.110816 -0.913961 2.188743
0.057143 -0.230292 2.004054
0.063826 -0.504792 2.119416
0.049501 -0.835768 2.233003
0.041143 -0.922561 2.193545
-0.024550 0.250869 1.939604
-0.135836 -0.283938 1.899338
-0.176347 -0.245715 1.885474
0.132951 -0.272658 1.962107
0.102304 -0.170391 1.914371
