-0.484895 -0.416930 2.633849
-0.480328 -0.166459 2.649989
-0.474198 0.078956 2.654689
-0.478101 0.202462 2.622628
-0.618347 0.001781 2.642864
-0.605286 -0.192231 2.557594
-0.532161 -0.304251 2.406521
-0.482390 -0.319422 2.373081
-0.330498 0.006031 2.663034
-0.310836 -0.190856 2.598436
-0.406155 -0.291952 2.453961
-0.441663 -0.318742 2.410942
-0.552667 -0.412113 2.596903
-0.521655 -0.445955 2.307438
-0.532032 -0.828076 2.401544
-0.520627 -0.871874 2.296925
-0.405123 -0.411383 2.605809
-0.410371 -0.452654 2.316975
-0.393612 -0.848240 2.413274
-0.401372 -0.907333 2.349479
-0.476086 0.018247 2.655644
-0.458269 -0.333924 2.353347
-0.508556 -0.335166 2.363362
-0.482098 -0.332666 2.344221
-0.430223 -0.345723 2.383750
