-0.484906 -0.416397 2.634060
-0.480440 -0.165830 2.649935
-0.474345 0.079708 2.654653
-0.477327 0.202119 2.620387
-0.617612 0.000520 2.642247
-0.607322 -0.192315 2.559172
-0.533370 -0.303486 2.407847
-0.484466 -0.320225 2.374412
-0.330117 0.005207 2.663745
-0.310573 -0.191590 2.599018
-0.407976 -0.291572 2.455212
-0.442195 -0.317548 2.411989
-0.552775 -0.411548 2.596929
-0.519413 -0.442318 2.308037
-0.532141 -0.827472 2.401159
-0.520331 -0.871261 2.296556
-0.405156 -0.410963 2.606192
-0.409867 -0.452127 2.317318
-0.393642 -0.847576 2.412897
-0.400806 -0.906660 2.348849
-0.476204 0.018986 2.655581
-0.458629 -0.335145 2.355166
-0.510394 -0.334558 2.366690
-0.480773 -0.331302 2.346460
-0.453839 -0.342511 2.347667
