-0.484910 -0.416542 2.634020
-0.480202 -0.166365 2.650127
-0.473488 0.078584 2.655121
-0.477585 0.201961 2.621016
-0.617520 -0.000510 2.641214
-0.605593 -0.195676 2.557020
-0.529968 -0.304828 2.404995
-0.481925 -0.320571 2.374452
-0.330005 0.006568 2.663964
-0.310459 -0.192044 2.598405
-0.408127 -0.292027 2.454797
-0.443384 -0.319040 2.410352
-0.552694 -0.411744 2.596934
-0.519376 -0.442402 2.308022
-0.532068 -0.827293 2.400956
-0.519991 -0.871113 2.296392
-0.405237 -0.411108 2.606071
-0.410274 -0.452851 2.317310
-0.393666 -0.847985 2.413164
-0.400613 -0.906731 2.348356
-0.475539 0.018013 2.655989
-0.455855 -0.336339 2.351013
-0.509779 -0.333815 2.365393
-0.481448 -0.332449 2.346047
-0.453063 -0.342273 2.345530
