0.167668 -0.114388 2.254651
0.146272 0.192596 2.185106
0.123926 0.489689 2.102728
0.044174 0.596428 2.091462
0.053675 0.381381 2.236119
0.046483 0.125931 2.276011
-0.010906 0.019920 2.111128
0.007342 -0.006558 2.073941
0.213457 0.358407 2.017403
0.260716 0.128853 1.995084
0.084307 0.013080 2.055154
0.033267 -0.000289 2.064262
0.123258 -0.113468 2.260923
0.090232 -0.377890 2.390331
0.238101 -0.802395 2.468865
0.150337 -0.843242 2.430788
0.206819 -0.111694 2.177083
0.173727 -0.495194 2.170600
0.168579 -0.863084 2.239460
0.106304 -0.922883 2.174899
0.129645 0.416873 2.125523
0.038419 -0.022089 2.050670
0.060598 -0.013453 2.032667
-0.039465 -0.019125 2.082229
0.004370 0.031661 2.083000
