0.054849 -0.190692 1.900616
0.076718 0.110375 1.830615
0.098422 0.400433 1.746168
0.112153 0.543815 1.700666
-0.059799 0.314941 1.787893
-0.099394 0.070861 1.798705
-0.044271 -0.130029 1.746508
-0.009829 -0.166752 1.751048
0.248251 0.284980 1.747572
0.250628 0.051781 1.752228
0.164427 -0.124874 1.727410
0.135785 -0.134253 1.752887
-0.016233 -0.184047 1.871382
-0.091673 -0.532595 1.955833
-0.141634 -0.906567 2.112785
-0.155325 -0.956222 2.038802
0.124804 -0.189996 1.859038
0.137450 -0.514947 1.960784
0.115036 -0.890748 2.096142
0.125022 -0.953718 2.029219
0.093144 0.329536 1.769574
0.029494 -0.228193 1.737506
-0.045217 -0.167516 1.737500
0.076592 -0.213257 1.739872
0.195113 -0.166969 1.782625
