0.333333 -0.118273 2.474514
0.387898 0.189811 2.378908
0.452611 0.493634 2.285111
0.566688 0.555607 2.257376
0.327333 0.391074 2.218426
0.236145 0.137222 2.210250
0.274679 -0.062934 2.215492
0.267600 -0.103480 2.242141
0.537494 0.387770 2.471655
0.483251 0.124783 2.472150
0.607623 0.134733 2.687526
0.619382 0.108393 2.689419
0.289553 -0.111884 2.418278
0.179450 -0.461026 2.396399
0.079317 -0.794613 2.481758
0.068323 -0.859483 2.404207
0.368847 -0.120777 2.462418
0.366277 -0.465311 2.577414
0.340221 -0.805756 2.623044
0.409985 -0.844599 2.606598
0.440866 0.420293 2.312134
0.306041 -0.164296 2.251312
0.314357 -0.068147 2.280222
0.651241 0.033952 2.733709
0.579924 0.139905 2.677333
