0.262575 -0.094082 2.432761
0.267884 0.195214 2.339120
0.270283 0.475156 2.233784
0.361666 0.545823 2.174754
0.128385 0.375602 2.219183
0.062771 0.140679 2.253816
0.083347 -0.069009 2.249573
0.086826 -0.109174 2.262134
0.425213 0.383229 2.341621
0.452984 0.180970 2.412717
0.489646 -0.006402 2.357139
0.485737 -0.066832 2.338899
0.192500 -0.091931 2.371602
0.115479 -0.421955 2.424298
0.082683 -0.786711 2.521298
0.033087 -0.855520 2.453024
0.324334 -0.093647 2.423055
0.338286 -0.419730 2.526500
0.341476 -0.793526 2.624733
0.409298 -0.837807 2.619735
0.270041 0.406493 2.262278
0.103904 -0.183353 2.274676
0.119918 -0.077839 2.266470
0.490256 -0.130608 2.339169
0.459499 -0.073661 2.318691
