-0.486742 -0.344463 2.620289
-0.466529 -0.091629 2.588353
-0.443904 0.156118 2.542563
-0.427925 0.297724 2.516541
-0.592480 0.072597 2.525604
-0.632487 -0.151737 2.466835
-0.583663 -0.306081 2.346262
-0.558047 -0.351437 2.298155
-0.296877 0.063618 2.571247
-0.252327 -0.143918 2.517998
-0.280802 -0.290296 2.381601
-0.297311 -0.333767 2.327055
-0.549572 -0.335967 2.576697
-0.551384 -0.487946 2.211091
-0.539009 -0.876629 2.115398
-0.527534 -0.899219 2.014558
-0.410998 -0.344033 2.593949
-0.286971 -0.440262 2.259619
-0.296826 -0.842237 2.322377
-0.259021 -0.902729 2.247589
-0.449938 0.094932 2.556375
-0.544499 -0.407603 2.241924
-0.517869 -0.354955 2.302572
-0.309695 -0.384696 2.265811
-0.333001 -0.327628 2.322689
