-0.514004 -0.356425 2.580726
-0.505377 -0.100697 2.523993
-0.493171 0.149353 2.457214
-0.503950 0.292430 2.438252
-0.648535 0.053033 2.477275
-0.665058 -0.171915 2.450036
-0.572554 -0.320182 2.323148
-0.542234 -0.367753 2.285378
-0.340825 0.064966 2.468951
-0.288792 -0.165479 2.448233
-0.346409 -0.328836 2.326667
-0.371389 -0.367329 2.284363
-0.577621 -0.351560 2.546521
-0.523603 -0.474890 2.213753
-0.533386 -0.870243 2.286424
-0.519193 -0.920009 2.198814
-0.436671 -0.351381 2.545608
-0.366959 -0.508263 2.236695
-0.256142 -0.865726 2.315938
-0.245876 -0.912641 2.234519
-0.496773 0.087660 2.476169
-0.499709 -0.416689 2.221138
-0.497639 -0.366440 2.283750
-0.387962 -0.416106 2.212653
-0.390695 -0.329241 2.278400
