-0.480833 -0.365888 2.577354
-0.473500 -0.114431 2.499720
-0.464693 0.132887 2.410961
-0.459606 0.274802 2.388883
-0.613216 0.041674 2.404989
-0.644709 -0.180083 2.386567
-0.566778 -0.332984 2.281075
-0.541219 -0.371266 2.246313
-0.317403 0.045655 2.450118
-0.250755 -0.172722 2.436040
-0.267124 -0.349412 2.287816
-0.279475 -0.407491 2.238955
-0.543783 -0.362173 2.531293
-0.507934 -0.465121 2.194372
-0.524578 -0.870338 2.298693
-0.517597 -0.916537 2.203839
-0.404783 -0.359631 2.553547
-0.290683 -0.458237 2.233509
-0.265144 -0.852353 2.339557
-0.247088 -0.911065 2.242503
-0.467270 0.071785 2.435372
-0.506781 -0.418168 2.186820
-0.522565 -0.342733 2.244189
-0.274290 -0.460896 2.171017
-0.319527 -0.400305 2.220000
