-0.486952 -0.358948 2.578876
-0.483097 -0.101705 2.521865
-0.477861 0.149345 2.454596
-0.474986 0.290067 2.433471
-0.622683 0.049632 2.442750
-0.659270 -0.170978 2.412880
-0.589931 -0.322846 2.294046
-0.559936 -0.368156 2.256757
-0.326525 0.062417 2.493651
-0.266166 -0.157953 2.481191
-0.289867 -0.318114 2.361772
-0.312211 -0.328040 2.322561
-0.550612 -0.354541 2.535288
-0.515544 -0.459503 2.197270
-0.527040 -0.869235 2.297786
-0.518576 -0.916236 2.207083
-0.410079 -0.353461 2.552927
-0.294161 -0.457818 2.239870
-0.264782 -0.853785 2.338759
-0.247015 -0.911028 2.244065
-0.479585 0.087379 2.473611
-0.539719 -0.420494 2.189823
-0.521956 -0.358192 2.260639
-0.320463 -0.380726 2.260968
-0.327478 -0.298867 2.306943
