0.523604 -0.103613 2.291484
0.571792 0.209295 2.218021
0.607849 0.512043 2.130582
0.676300 0.648621 2.170434
0.561891 0.358194 2.035049
0.552992 0.099482 1.993045
0.633872 -0.075802 2.040767
0.651164 -0.138147 2.060884
0.658146 0.318398 2.254932
0.820168 0.506520 2.315379
0.758314 0.632206 2.169377
0.740597 0.656141 2.168658
0.492127 -0.096718 2.230825
0.578516 -0.516388 2.205974
0.499000 -0.891429 2.230369
0.570982 -0.935938 2.180469
0.537425 -0.105937 2.281713
0.523351 -0.504060 2.401600
0.483577 -0.835882 2.442613
0.569084 -0.857718 2.428067
0.600293 0.437950 2.154495
0.684571 -0.205085 2.125273
0.617759 -0.103498 2.130125
0.660626 0.632472 2.088969
0.664331 0.644380 2.092333
