0.423044 -0.117164 2.279948
0.675763 0.069021 2.241981
0.917661 0.248843 2.194335
1.065996 0.298075 2.234218
0.693416 0.220583 2.061938
0.555983 0.032835 1.998391
0.518175 -0.187514 2.071428
0.499414 -0.251314 2.110238
0.873383 0.106561 2.098073
0.926331 0.127549 2.336475
1.007373 0.184240 2.489949
0.993354 0.146100 2.523613
0.372313 -0.080669 2.215645
0.477010 -0.496849 2.188394
0.478731 -0.831200 2.226481
0.539436 -0.890999 2.182761
0.460816 -0.150137 2.274171
0.452349 -0.494817 2.470061
0.597589 -0.878236 2.312386
0.513256 -0.903820 2.229355
0.858776 0.204741 2.208226
0.488617 -0.330145 2.122011
0.454610 -0.233032 2.081815
1.007753 0.143730 2.522115
0.974805 0.141524 2.499364
