-0.447152 -0.134655 1.916477
-0.470044 0.142134 1.841718
-0.488816 0.423947 1.747392
-0.582543 0.539776 1.751722
-0.614084 0.291384 1.893630
-0.454734 0.172040 1.698331
-0.537026 -0.042087 1.818751
-0.528487 -0.122857 1.804163
-0.383132 0.270049 1.676599
-0.422634 0.016434 1.679494
-0.543294 -0.145000 1.836016
-0.562614 -0.169101 1.865412
-0.486664 -0.136550 1.897121
-0.537202 -0.477986 2.106799
-0.333973 -0.873255 2.213742
-0.421768 -0.894017 2.194032
-0.391202 -0.128784 1.865679
-0.385056 -0.520698 1.932250
-0.396122 -0.889300 2.048833
-0.453958 -0.948570 1.996201
-0.484664 0.354063 1.773905
-0.586038 -0.156085 1.894443
-0.483953 -0.145453 1.808250
-0.597928 -0.177596 1.905417
-0.543805 -0.182094 1.836455
