-0.466448 -0.102483 1.984525
-0.521746 0.207136 1.975982
-0.572145 0.505162 1.956017
-0.632620 0.639565 1.960248
-0.697093 0.372950 2.102341
-0.776592 0.162715 1.943711
-0.943628 -0.011108 2.034969
-0.987105 -0.038691 2.042284
-0.506127 0.344932 1.865069
-0.710742 0.176363 1.854346
-0.879085 0.036863 1.944466
-0.938414 0.002494 1.995648
-0.487945 -0.110181 1.989632
-0.426536 -0.520997 2.066879
-0.546611 -0.914421 2.250446
-0.597550 -0.935518 2.247261
-0.427245 -0.091381 1.911029
-0.455349 -0.507745 1.975177
-0.410273 -0.903344 2.049703
-0.468917 -0.960519 1.997658
-0.560314 0.432220 1.963022
-1.028999 -0.097279 2.083370
-0.933367 -0.029211 2.042267
-0.993421 -0.035221 2.024561
-0.914074 -0.005765 2.017000
