-0.199200 -0.095118 2.157733
-0.135259 0.203936 2.110327
-0.072741 0.508981 2.052128
0.021967 0.617167 2.080669
-0.139188 0.356872 1.977686
-0.024217 0.113751 1.936824
-0.103281 0.186708 2.164315
-0.135327 0.211577 2.215065
-0.036999 0.320986 1.951066
-0.005643 0.090435 1.936417
-0.165249 0.277246 2.021809
-0.233286 0.331145 1.994711
-0.246983 -0.075785 2.100280
-0.166440 -0.474247 2.185124
-0.299699 -0.851790 2.298447
-0.353003 -0.844661 2.220770
-0.144931 -0.095513 2.149695
-0.232112 -0.482955 2.270607
-0.184125 -0.857051 2.282898
-0.203727 -0.893813 2.182874
-0.088803 0.433637 2.068667
-0.148691 0.213654 2.221106
-0.123894 0.207311 2.180619
-0.290223 0.407128 2.051486
-0.274591 0.270569 1.999542
