-0.483323 -0.132940 2.140661
-0.488084 0.182242 2.052377
-0.509314 0.478764 1.953763
-0.584944 0.598154 1.944075
-0.636482 0.347627 2.000965
-0.675621 0.115966 2.110724
-0.576261 -0.114449 2.187560
-0.596755 -0.171731 2.182164
-0.370179 0.363769 1.880178
-0.397331 0.222385 1.711363
-0.607682 0.255248 1.706884
-0.693042 0.291906 1.719964
-0.537712 -0.129204 2.130462
-0.501012 -0.524525 2.248424
-0.466521 -0.853639 2.303426
-0.540512 -0.897834 2.284423
-0.412089 -0.132234 2.081829
-0.351954 -0.537231 2.104768
-0.322442 -0.881053 2.181435
-0.322019 -0.940958 2.100284
-0.503362 0.407052 1.980952
-0.593328 -0.220381 2.178183
-0.563951 -0.168923 2.134059
-0.760867 0.328775 1.724070
-0.720760 0.279713 1.688286
