-0.379679 -0.081635 2.140649
-0.370194 0.189106 2.052780
-0.357731 0.451279 1.953620
-0.334149 0.587146 1.906491
-0.511642 0.354848 1.958185
-0.598686 0.123819 2.036714
-0.573629 -0.070208 2.048470
-0.553232 -0.099440 2.041556
-0.203139 0.357655 2.020436
-0.126632 0.169622 2.137956
-0.157957 -0.024575 2.124068
-0.181573 -0.065273 2.107907
-0.439472 -0.081321 2.094424
-0.492307 -0.459580 2.191276
-0.515612 -0.826326 2.303816
-0.562794 -0.896769 2.257972
-0.307361 -0.079295 2.116572
-0.297822 -0.455729 2.224515
-0.302755 -0.815473 2.328061
-0.247062 -0.883572 2.282359
-0.361288 0.387068 1.980513
-0.538773 -0.148476 2.041401
-0.570502 -0.110255 2.034609
-0.198113 -0.150755 2.095390
-0.210519 -0.056145 2.073870
