-0.199727 -0.182051 2.044446
-0.206681 0.091381 1.903628
-0.211953 0.356457 1.749758
-0.307751 0.452647 1.682032
-0.325144 0.280225 1.900623
-0.329072 0.107600 2.023604
-0.309293 -0.147302 1.941786
-0.278488 -0.167299 1.952930
-0.091777 0.252621 1.734256
-0.028369 0.057022 1.751758
-0.115190 -0.115363 1.812899
-0.137140 -0.158041 1.863743
-0.253404 -0.171103 2.041107
-0.353867 -0.472928 2.168525
-0.448889 -0.813101 2.330524
-0.499961 -0.880115 2.278456
-0.139677 -0.185717 1.978261
-0.050423 -0.533768 1.972166
0.001716 -0.901995 2.057118
-0.012136 -0.965018 1.983595
-0.210951 0.291553 1.790487
-0.253537 -0.200947 1.922886
-0.296292 -0.176511 1.951231
-0.188443 -0.214410 1.891767
-0.077016 -0.181922 1.870482
