-0.510515 -0.419807 2.613761
-0.500543 -0.141896 2.535729
-0.488064 0.130963 2.445599
-0.489672 0.273114 2.414160
-0.641776 0.045914 2.459862
-0.659340 -0.184179 2.455858
-0.572093 -0.332947 2.352420
-0.548228 -0.357288 2.331697
-0.337991 0.051189 2.473984
-0.307935 -0.181476 2.466117
-0.365608 -0.347988 2.373399
-0.391639 -0.347042 2.347274
-0.582601 -0.413940 2.576282
-0.527268 -0.468801 2.234052
-0.595323 -0.860890 2.324214
-0.579633 -0.909322 2.231537
-0.424780 -0.414532 2.581813
-0.398023 -0.489963 2.240740
-0.326872 -0.866979 2.350905
-0.304837 -0.906811 2.255163
-0.491693 0.063570 2.470373
-0.506601 -0.402327 2.261863
-0.578891 -0.381315 2.306349
-0.433365 -0.396082 2.290039
-0.416113 -0.306073 2.333611
