-0.512389 -0.422785 2.611782
-0.503901 -0.143933 2.535768
-0.493153 0.129668 2.447472
-0.499354 0.270913 2.414803
-0.645849 0.044105 2.465644
-0.673242 -0.187190 2.472823
-0.587348 -0.340442 2.365845
-0.545342 -0.359514 2.343614
-0.341962 0.050836 2.470253
-0.301874 -0.179780 2.464161
-0.365790 -0.337035 2.358648
-0.399987 -0.366432 2.324019
-0.584267 -0.416847 2.577715
-0.585058 -0.473096 2.231998
-0.601375 -0.853157 2.326467
-0.590632 -0.909823 2.236526
-0.426814 -0.417461 2.576583
-0.358454 -0.470387 2.236335
-0.321852 -0.855020 2.348660
-0.301998 -0.906304 2.257314
-0.496266 0.062051 2.471830
-0.478545 -0.393834 2.289947
-0.568501 -0.382169 2.306667
-0.440980 -0.412822 2.261402
-0.433570 -0.340266 2.320886
