-0.105988 -0.152277 2.007316
-0.086849 0.146859 1.942424
-0.068561 0.436174 1.866291
-0.067113 0.576344 1.819891
-0.230270 0.349032 1.923851
-0.268422 0.122882 1.963750
-0.203951 -0.103891 1.843220
-0.174521 -0.134714 1.827762
0.076700 0.316102 1.850288
0.091309 0.081892 1.848504
-0.007565 -0.087680 1.823915
-0.051864 -0.117844 1.847299
-0.174526 -0.146871 1.984366
-0.259846 -0.479021 2.065628
-0.323853 -0.857548 2.240850
-0.323085 -0.917412 2.175239
-0.033981 -0.152550 1.958718
0.009781 -0.486446 2.069230
-0.002288 -0.871063 2.213830
-0.007627 -0.932196 2.137226
-0.073145 0.365351 1.887418
-0.147503 -0.180866 1.808728
-0.122639 -0.133846 1.799474
-0.121066 -0.173770 1.818423
-0.003509 -0.164787 1.875417
