-0.051877 -0.207199 2.362264
0.174672 0.051507 2.317217
0.388366 0.295786 2.261502
0.528054 0.276134 2.338716
0.198333 0.241151 2.126566
0.280579 -0.000361 2.075121
0.410504 -0.169579 2.163307
0.462318 -0.206962 2.209303
0.360504 0.086856 2.468918
0.476920 -0.055078 2.516466
0.644682 -0.149600 2.519392
0.683389 -0.157326 2.529808
-0.090177 -0.185278 2.279849
-0.065403 -0.550664 2.205759
-0.116018 -0.882614 2.231607
-0.061020 -0.927352 2.159768
-0.014015 -0.224308 2.375847
0.068620 -0.619739 2.471460
-0.055468 -0.922188 2.371758
0.025057 -0.895211 2.396523
0.335390 0.236024 2.277243
0.514226 -0.248559 2.252540
0.491657 -0.251688 2.223571
0.764353 -0.203040 2.547479
0.749409 -0.150891 2.506400
