-0.288963 -0.164820 1.964010
-0.300774 0.136164 1.891305
-0.311278 0.426479 1.806738
-0.284988 0.570234 1.766775
-0.450613 0.310901 1.780957
-0.466786 0.067404 1.795097
-0.372084 -0.135867 1.785111
-0.331298 -0.180378 1.800054
-0.161227 0.324578 1.880035
-0.138947 0.098060 1.904895
-0.162422 -0.095797 1.857543
-0.199731 -0.142090 1.852101
-0.349620 -0.166674 1.907305
-0.385724 -0.502675 2.003105
-0.388481 -0.880602 2.198355
-0.387654 -0.933405 2.128675
-0.217935 -0.156560 1.950912
-0.187041 -0.528798 2.047448
-0.173314 -0.883198 2.152963
-0.177986 -0.947764 2.060408
-0.308928 0.355485 1.830083
-0.273138 -0.236274 1.806660
-0.352147 -0.203530 1.790572
-0.225832 -0.214361 1.819272
-0.174180 -0.159958 1.860333
