-0.072982 -0.174976 1.949525
-0.094737 0.124279 1.884027
-0.114964 0.412957 1.805230
-0.120557 0.553685 1.754744
-0.268050 0.304406 1.826409
-0.260416 0.076125 1.816600
-0.066583 -0.103091 1.766817
-0.030927 -0.167281 1.774366
0.045382 0.319235 1.821498
0.074369 0.078403 1.817992
0.016143 -0.123752 1.789973
-0.010739 -0.176070 1.778756
-0.143178 -0.176114 1.912874
-0.165818 -0.521815 2.014492
-0.148420 -0.887265 2.121986
-0.154105 -0.954184 2.056150
-0.000212 -0.167486 1.914877
0.061909 -0.536442 1.982403
0.101056 -0.893807 2.100075
0.128823 -0.952179 2.028050
-0.110142 0.342351 1.827164
-0.019375 -0.234741 1.769442
-0.061634 -0.189156 1.770467
-0.044501 -0.254631 1.772478
-0.032063 -0.127681 1.738000
