-0.387660 -0.046332 2.340712
-0.412702 0.285414 2.287710
-0.434684 0.606106 2.221419
-0.446885 0.746082 2.229758
-0.582398 0.446107 2.196005
-0.736742 0.353687 2.353100
-0.676076 0.574080 2.550605
-0.678670 0.662679 2.622980
-0.279896 0.492924 2.262669
-0.235305 0.310953 2.436380
-0.257746 0.159448 2.596344
-0.265615 0.109506 2.653702
-0.459565 -0.052437 2.286623
-0.491314 -0.461220 2.360033
-0.495783 -0.840900 2.417771
-0.471191 -0.902764 2.368620
-0.303540 -0.038815 2.320688
-0.267719 -0.466541 2.430961
-0.219544 -0.796090 2.522404
-0.255035 -0.851043 2.499490
-0.429707 0.527522 2.240245
-0.677334 0.672671 2.628888
-0.677197 0.654998 2.601000
-0.269027 0.081086 2.661689
-0.257873 0.125077 2.622604
