0.002844 -0.138486 2.121165
0.014475 0.145827 2.025666
0.026074 0.420606 1.916884
0.008477 0.546083 1.822112
-0.159781 0.351978 1.975004
-0.191619 0.092712 2.052955
-0.190959 -0.139510 2.047261
-0.160463 -0.178410 2.061543
0.201264 0.321588 1.915104
0.284521 0.075962 1.986426
0.299667 -0.155575 1.982569
0.296738 -0.194855 1.990552
-0.080233 -0.133596 2.095991
-0.153195 -0.483263 2.232460
-0.213411 -0.819848 2.339983
-0.270957 -0.887108 2.272877
0.086432 -0.138311 2.075276
0.110085 -0.490491 2.158638
0.127747 -0.831125 2.320165
0.130446 -0.909052 2.247835
0.023219 0.353351 1.946355
-0.161636 -0.229820 2.076778
-0.124339 -0.168598 2.040000
0.281652 -0.262125 2.000421
0.254841 -0.209627 1.978765
