-0.050397 -0.126629 2.137708
-0.048924 0.182809 2.066681
-0.049259 0.482976 1.983433
-0.002575 0.616975 1.942640
-0.208295 0.350720 1.944788
-0.283865 0.076142 1.970905
-0.291854 -0.155427 1.942382
-0.290599 -0.194909 1.946669
0.126432 0.379880 2.081354
0.183847 0.122505 2.148827
0.221695 -0.106453 2.128741
0.209111 -0.138208 2.141646
-0.128008 -0.123326 2.076882
-0.197963 -0.515079 2.099504
-0.257439 -0.865980 2.202368
-0.241312 -0.927801 2.122181
0.029642 -0.125747 2.125515
-0.013747 -0.493424 2.269444
-0.039958 -0.843359 2.340481
0.001812 -0.903312 2.265862
-0.049064 0.409396 2.006387
-0.285596 -0.269298 1.965422
-0.261549 -0.160918 1.981572
0.205779 -0.209994 2.135024
0.169852 -0.162089 2.125474
