-0.022383 -0.153110 2.036481
-0.012788 0.156915 1.973912
-0.003317 0.456159 1.898156
0.044488 0.589415 1.841541
-0.167058 0.343263 1.864335
-0.248590 0.090723 1.885238
-0.236515 -0.140321 1.849459
-0.226930 -0.191608 1.854024
0.178393 0.333546 1.961536
0.229314 0.076065 2.008132
0.264819 -0.151668 1.969596
0.263912 -0.197439 1.974736
-0.103567 -0.147024 1.981980
-0.192715 -0.504725 2.018159
-0.248567 -0.861162 2.184109
-0.269876 -0.930226 2.111119
0.059977 -0.153827 2.019311
0.026836 -0.490612 2.119277
-0.012615 -0.855677 2.263837
0.037611 -0.918404 2.206434
-0.005664 0.382933 1.919322
-0.231047 -0.257373 1.863406
-0.265512 -0.213601 1.832231
0.260430 -0.269073 1.971437
0.224741 -0.223894 1.957687
