-0.299323 -0.308103 2.128423
-0.094379 -0.101161 1.981766
0.103618 0.105506 1.820660
0.251424 0.102697 1.822512
-0.068701 0.132083 1.752634
-0.259722 -0.028783 1.767795
-0.225982 -0.217495 1.885295
-0.241078 -0.245684 1.958460
0.090553 -0.081054 2.023854
-0.037569 -0.259635 2.082070
-0.041238 -0.476695 1.993462
-0.035196 -0.513124 1.996969
-0.344534 -0.257393 2.052615
-0.260769 -0.573150 2.078014
-0.364548 -0.888601 2.145662
-0.325678 -0.933608 2.074496
-0.244830 -0.348657 2.133442
-0.254020 -0.701756 2.225058
-0.164293 -0.860911 2.246689
-0.141790 -0.925185 2.168530
0.054575 0.054151 1.863098
-0.165356 -0.321606 2.003378
-0.297557 -0.286645 1.921334
0.011317 -0.608805 1.987179
-0.014971 -0.476014 1.969810
