-0.408660 -0.289569 2.056488
-0.212915 -0.043746 1.961868
-0.023807 0.200440 1.851731
0.127031 0.220181 1.882621
-0.188529 0.171652 1.734683
-0.327034 -0.016414 1.683781
-0.264998 -0.190724 1.811569
-0.260765 -0.208254 1.883808
-0.047885 0.036765 2.043355
-0.164518 -0.167453 2.101610
-0.078739 -0.390980 2.083254
-0.035619 -0.447705 2.123413
-0.440406 -0.266282 1.968705
-0.499150 -0.587789 1.971181
-0.476065 -0.889159 2.137589
-0.432886 -0.936006 2.072138
-0.363317 -0.302201 2.073200
-0.288862 -0.646035 2.178181
-0.273923 -0.954123 2.233060
-0.167200 -0.925677 2.184182
-0.070384 0.139847 1.881320
-0.224281 -0.251520 1.930058
-0.209733 -0.208136 1.892875
0.035181 -0.523494 2.171520
0.026646 -0.504329 2.144600
