-0.529087 -0.407046 2.609822
-0.525051 -0.126036 2.598099
-0.519242 0.147231 2.573004
-0.507477 0.303068 2.515179
-0.680299 0.064172 2.563848
-0.690158 -0.161495 2.493109
-0.628171 -0.339217 2.348213
-0.599019 -0.346883 2.321943
-0.336300 0.090542 2.569300
-0.322050 -0.091784 2.409808
-0.451810 0.143578 2.384017
-0.466754 0.220698 2.396906
-0.614455 -0.405104 2.578358
-0.644262 -0.489068 2.223546
-0.646760 -0.896497 2.172117
-0.649712 -0.946765 2.074821
-0.429768 -0.398787 2.571933
-0.365466 -0.516384 2.231241
-0.356343 -0.889044 2.161870
-0.333158 -0.954238 2.061949
-0.520992 0.079847 2.581580
-0.535603 -0.391775 2.277371
-0.545898 -0.314684 2.292391
-0.493993 0.303140 2.396383
-0.513248 0.193251 2.391363
