-0.086030 -0.125558 2.173556
-0.076015 0.180396 2.106680
-0.064097 0.475397 2.026680
-0.020660 0.607028 1.961209
-0.236511 0.376667 2.005279
-0.309337 0.127808 2.033917
-0.282003 -0.102087 2.004253
-0.267731 -0.154139 2.018533
0.115851 0.359858 2.085871
0.171859 0.102271 2.132611
0.204019 -0.126054 2.099157
0.185338 -0.182517 2.097165
-0.169825 -0.122612 2.119500
-0.225910 -0.549236 2.172790
-0.240887 -0.880338 2.181366
-0.229415 -0.947117 2.093775
0.000717 -0.123779 2.153417
-0.062310 -0.498146 2.279147
-0.111382 -0.828728 2.370443
-0.057475 -0.892299 2.307904
-0.067280 0.403229 2.049066
-0.261505 -0.225805 2.023261
-0.228482 -0.136372 2.017071
0.180746 -0.252296 2.094262
0.147320 -0.178864 2.094588
