-0.058454 -0.183269 1.955454
-0.048632 0.125271 1.887596
-0.040513 0.422617 1.805326
0.016168 0.549719 1.735922
-0.202675 0.319488 1.767656
-0.280449 0.067316 1.791780
-0.240584 -0.160714 1.760396
-0.230107 -0.180115 1.769377
0.145290 0.313610 1.881227
0.195187 0.055595 1.951448
0.230055 -0.173171 1.941426
0.224156 -0.212789 1.956901
-0.139510 -0.178016 1.895012
-0.238315 -0.560724 1.933706
-0.282387 -0.927944 1.975316
-0.257305 -0.987749 1.901354
0.025048 -0.181697 1.940511
-0.011827 -0.522720 2.073086
-0.036892 -0.882398 2.200846
-0.007183 -0.938490 2.125792
-0.042407 0.349941 1.828234
-0.208598 -0.267205 1.773717
-0.189927 -0.142419 1.778741
0.220861 -0.276195 1.957362
0.183878 -0.231486 1.945860
