-0.013358 -0.215153 1.760254
-0.048454 0.103117 1.679089
-0.080768 0.406905 1.578833
-0.016449 0.538140 1.576790
-0.172471 0.242323 1.491749
-0.214584 -0.019037 1.473770
-0.156853 -0.243759 1.474613
-0.147761 -0.319545 1.489395
0.042649 0.320732 1.749814
0.104845 0.047366 1.875164
0.139191 -0.179845 1.890669
0.133085 -0.187342 1.884579
-0.068800 -0.222769 1.671575
-0.105712 -0.567381 1.773165
-0.104873 -0.927344 1.922858
-0.072083 -1.004470 1.860080
0.043973 -0.198355 1.774573
0.046076 -0.491631 1.971000
-0.170990 -0.783543 2.116916
-0.104200 -0.837478 2.131643
-0.072894 0.333007 1.606638
-0.138160 -0.376484 1.512021
-0.118115 -0.287826 1.565461
0.127335 -0.263111 1.885137
0.093465 -0.170991 1.817889
