0.056448 -0.183751 1.952243
0.061755 0.129356 1.885484
0.064282 0.430898 1.803918
0.120668 0.562538 1.753021
-0.100542 0.314036 1.777442
-0.193030 0.048460 1.822195
-0.222494 -0.181237 1.806744
-0.222498 -0.218987 1.808754
0.255744 0.316225 1.881518
0.307413 0.061454 1.959468
0.349757 -0.165330 1.931577
0.327401 -0.193754 1.934492
-0.027174 -0.176864 1.896510
-0.109515 -0.545501 1.924601
-0.160741 -0.919705 2.021167
-0.136687 -0.975420 1.947419
0.138111 -0.183728 1.932809
0.110457 -0.522729 2.053768
0.072326 -0.880951 2.203141
0.112574 -0.939465 2.147558
0.063941 0.357217 1.826680
-0.219618 -0.295390 1.835130
-0.175847 -0.216974 1.824931
0.329051 -0.260026 1.939342
0.358287 -0.196381 1.927375
