-0.475797 -0.177051 2.042026
-0.575733 0.141469 1.991222
-0.667607 0.449544 1.928734
-0.760827 0.563126 1.936539
-0.765610 0.366966 2.105141
-0.850674 0.075104 2.006071
-0.997258 0.038894 2.162345
-1.010432 0.052295 2.146603
-0.550413 0.287236 1.828055
-0.778755 0.112303 1.928126
-0.967114 0.070443 2.033541
-0.997369 0.060291 2.117678
-0.508882 -0.178717 2.043931
-0.532718 -0.580648 2.068964
-0.591728 -0.916153 2.099560
-0.627402 -0.961460 2.087728
-0.425341 -0.169241 1.967497
-0.556867 -0.530897 2.041681
-0.374393 -0.774554 2.285497
-0.453394 -0.810186 2.212061
-0.645772 0.374024 1.946433
-1.041939 0.027364 2.211401
-0.969813 0.034078 2.133500
-1.069955 0.061925 2.164286
-0.985035 0.046273 2.118000
