-0.253256 -0.171390 1.988725
-0.270558 0.138689 1.918029
-0.284976 0.437553 1.833662
-0.256262 0.575604 1.776234
-0.455610 0.317986 1.805304
-0.514400 0.060946 1.846046
-0.516594 -0.170537 1.825400
-0.499966 -0.232643 1.849439
-0.095621 0.331780 1.887412
-0.034116 0.078200 1.944652
0.012431 -0.146796 1.901772
0.022004 -0.196364 1.891937
-0.331786 -0.174361 1.934731
-0.368975 -0.537787 2.053020
-0.370169 -0.880625 2.168135
-0.350451 -0.939222 2.095529
-0.165226 -0.162061 1.968469
-0.111468 -0.526816 2.078320
-0.047942 -0.880225 2.190423
-0.015536 -0.933897 2.133434
-0.281830 0.364503 1.857053
-0.499326 -0.280338 1.852751
-0.544663 -0.224267 1.848524
0.015671 -0.270267 1.883865
-0.011775 -0.201574 1.877517
