-0.534599 -0.392000 2.607189
-0.522437 -0.096676 2.611579
-0.509229 0.191780 2.602667
-0.510177 0.331210 2.569772
-0.676600 0.074333 2.566349
-0.696940 -0.138697 2.460900
-0.632463 -0.302879 2.301147
-0.608550 -0.370342 2.270526
-0.337241 0.087174 2.579697
-0.299083 -0.127151 2.480741
-0.357770 -0.301606 2.331800
-0.371212 -0.311387 2.304949
-0.622186 -0.385106 2.570230
-0.612008 -0.492165 2.183848
-0.568707 -0.859917 2.250412
-0.573805 -0.923655 2.157499
-0.432059 -0.388099 2.571435
-0.380648 -0.485967 2.185006
-0.375024 -0.883219 2.182415
-0.340931 -0.933552 2.181897
-0.512893 0.120591 2.607325
-0.600939 -0.422019 2.208296
-0.547928 -0.382031 2.306286
-0.389029 -0.370677 2.224981
-0.370333 -0.252563 2.299107
