-0.536426 -0.419445 2.610048
-0.523712 -0.126240 2.600790
-0.508516 0.160633 2.578439
-0.504234 0.298901 2.527288
-0.674363 0.054990 2.555749
-0.708403 -0.168795 2.490998
-0.597352 -0.301264 2.326479
-0.561869 -0.341293 2.302761
-0.334995 0.063699 2.571799
-0.301885 -0.161353 2.506452
-0.378912 -0.325414 2.354163
-0.400925 -0.363099 2.314551
-0.621353 -0.411952 2.572432
-0.620818 -0.485723 2.177555
-0.590242 -0.882294 2.163879
-0.589180 -0.938098 2.164522
-0.436501 -0.414988 2.575274
-0.360836 -0.480702 2.185309
-0.375657 -0.877751 2.178127
-0.356494 -0.933772 2.175585
-0.512766 0.089800 2.586424
-0.510028 -0.366894 2.262175
-0.598393 -0.365579 2.271723
-0.434783 -0.434998 2.231833
-0.441932 -0.337832 2.321457
