-0.525594 -0.432525 2.615312
-0.535031 -0.143017 2.593606
-0.543379 0.137881 2.554828
-0.573197 0.254234 2.489708
-0.689313 0.035333 2.560172
-0.699978 -0.189404 2.488073
-0.567458 -0.301640 2.324105
-0.528120 -0.333596 2.305784
-0.360958 0.067025 2.549942
-0.296789 -0.155945 2.512518
-0.366513 -0.326143 2.363644
-0.385619 -0.359769 2.327027
-0.609463 -0.432090 2.579494
-0.626535 -0.485072 2.181543
-0.593127 -0.881448 2.165160
-0.587976 -0.922385 2.059550
-0.427059 -0.421093 2.578520
-0.367349 -0.477048 2.184092
-0.379201 -0.874274 2.175134
-0.360150 -0.929781 2.173861
-0.541700 0.068533 2.567306
-0.492545 -0.358113 2.274619
-0.575169 -0.353485 2.304226
-0.437443 -0.427092 2.247118
-0.428211 -0.330354 2.330000
