0.524710 -0.170537 2.305869
0.634418 0.129295 2.187675
0.736408 0.422127 2.057129
0.857218 0.486462 2.041723
0.560534 0.333588 1.987069
0.365544 0.106102 1.992459
0.309283 -0.114828 2.024473
0.327665 -0.142288 2.051306
0.832001 0.239233 2.235468
0.912297 0.024066 2.244893
1.071715 0.024867 2.071613
1.107655 0.027247 2.066175
0.455308 -0.149780 2.228041
0.424987 -0.511829 2.241760
0.406218 -0.836331 2.337673
0.482801 -0.886658 2.288934
0.579821 -0.185704 2.308642
0.629595 -0.499974 2.441749
0.549912 -0.886184 2.480487
0.608750 -0.877614 2.407289
0.712306 0.350051 2.091885
0.314928 -0.208648 2.083157
0.276220 -0.159836 2.023584
1.156320 0.045320 2.048347
1.125993 -0.051779 2.091643
