0.508166 -0.057444 2.246757
0.532729 0.249678 2.170575
0.554222 0.546588 2.082757
0.586072 0.686048 2.093860
0.516864 0.377039 1.983362
0.514357 0.075819 1.960650
0.581055 -0.140140 1.993399
0.561239 -0.196904 2.060918
0.738523 0.594302 2.369691
0.849707 0.684871 2.169379
0.848702 0.563415 2.355365
0.774110 0.542859 2.367110
0.468359 -0.063239 2.182050
0.501900 -0.471734 2.270328
0.433126 -0.847223 2.351241
0.510597 -0.896732 2.306936
0.532321 -0.049240 2.236909
0.678449 -0.448933 2.291042
0.607134 -0.749964 2.526663
0.647126 -0.813376 2.549016
0.549481 0.473947 2.106864
0.578155 -0.245903 2.066451
0.538521 -0.174093 2.094994
0.787035 0.518586 2.409768
0.744381 0.542353 2.331450
