-0.477168 -0.254647 2.048612
-0.533102 0.057755 1.950509
-0.583686 0.360049 1.838697
-0.680611 0.455814 1.833784
-0.684994 0.250609 1.901476
-0.775576 -0.003625 2.016706
-0.935466 -0.170687 1.940588
-0.957807 -0.179077 1.930178
-0.463994 0.226700 1.788515
-0.577991 -0.050968 1.737777
-0.755175 -0.209820 1.720888
-0.821392 -0.228577 1.734628
-0.526769 -0.256672 2.038815
-0.548844 -0.541297 2.088161
-0.558926 -0.858253 2.183605
-0.619756 -0.915334 2.149407
-0.411460 -0.243854 1.988098
-0.323958 -0.542267 2.004858
-0.159602 -0.851975 2.173823
-0.178666 -0.921699 2.120033
-0.571988 0.285964 1.868869
-0.980541 -0.212426 1.917129
-0.938767 -0.164941 1.884700
-0.864176 -0.272236 1.743313
-0.800227 -0.256094 1.735200
