-0.123499 -0.199021 2.079953
-0.135602 0.119696 2.015839
-0.145767 0.421697 1.939865
-0.130595 0.548657 1.935514
-0.259262 0.305472 1.936878
-0.355116 0.081312 1.904517
-0.192480 0.242798 1.814927
-0.125894 0.296086 1.824622
0.027304 0.301722 1.983142
0.229141 0.232111 1.850876
0.062019 0.403688 1.809973
0.035463 0.443958 1.808463
-0.196391 -0.197123 2.032368
-0.227836 -0.454317 2.107544
-0.250592 -0.835186 2.249860
-0.250321 -0.914450 2.187208
-0.046199 -0.193956 2.055116
-0.019323 -0.444608 2.142611
-0.025899 -0.836899 2.308741
-0.001819 -0.909082 2.239044
-0.143407 0.348302 1.961066
-0.061287 0.332258 1.781367
-0.075430 0.277833 1.806650
0.001887 0.486486 1.793324
0.031611 0.400906 1.828348
