-0.332167 -0.232485 2.131970
-0.325441 0.091007 2.058719
-0.316425 0.404469 1.971938
-0.384963 0.513476 1.965804
-0.435432 0.270026 2.015266
-0.544278 0.049792 2.202347
-0.725424 -0.096970 2.208886
-0.786295 -0.108771 2.219163
-0.211301 0.265199 1.916582
-0.121417 -0.024667 1.928570
-0.131567 -0.260783 1.920859
-0.148260 -0.286564 1.940441
-0.395338 -0.223494 2.116998
-0.423069 -0.470683 2.183799
-0.452649 -0.796143 2.307132
-0.518122 -0.868163 2.279341
-0.257839 -0.233728 2.075422
-0.142614 -0.471657 2.109324
0.046374 -0.800617 2.290180
0.056894 -0.898426 2.250431
-0.319040 0.327598 1.995927
-0.823293 -0.142450 2.234178
-0.798014 -0.080080 2.191560
-0.152495 -0.324772 1.952962
-0.124301 -0.293435 1.939400
