-0.484200 -0.192675 2.024735
-0.433659 0.121787 1.983574
-0.382312 0.425450 1.927734
-0.369603 0.557786 1.940773
-0.585944 0.341917 2.021165
-0.805470 0.397389 1.952414
-0.571840 0.509551 1.911291
-0.531755 0.551474 1.905014
-0.320526 0.262519 1.850221
-0.265821 -0.046599 1.850201
-0.338548 -0.270936 1.839238
-0.339658 -0.297668 1.869673
-0.542139 -0.171141 2.009625
-0.580274 -0.420927 2.068256
-0.502599 -0.783862 2.265248
-0.545651 -0.825323 2.170239
-0.409050 -0.207931 1.968897
-0.361180 -0.466254 2.045918
-0.326108 -0.858334 2.190928
-0.382151 -0.920752 2.150794
-0.395562 0.351104 1.944134
-0.485556 0.586488 1.881042
-0.544037 0.565178 1.798333
-0.357420 -0.333642 1.880021
-0.306836 -0.289773 1.857280
