-0.012218 -0.197152 2.151876
-0.017173 0.112640 2.100193
-0.021072 0.411507 2.033019
-0.004716 0.538886 1.993131
-0.169284 0.297623 2.026225
-0.228985 0.028069 2.081956
-0.237671 -0.208962 2.067413
-0.216519 -0.263880 2.078568
0.135317 0.308898 2.073972
0.187072 0.044737 2.148180
0.208318 -0.191478 2.135638
0.198286 -0.223874 2.146798
-0.082719 -0.195238 2.105239
-0.107483 -0.465313 2.198443
-0.104797 -0.815818 2.335897
-0.123311 -0.893306 2.273292
0.058690 -0.192460 2.125880
0.085955 -0.479564 2.238504
0.098873 -0.823712 2.350634
0.112615 -0.899448 2.280363
-0.020227 0.338369 2.052523
-0.206670 -0.346691 2.070162
-0.182826 -0.260534 2.060663
0.209150 -0.274387 2.149640
0.227475 -0.218368 2.133864
