-0.038544 -0.203200 2.141279
-0.033456 0.103591 2.079970
-0.029591 0.400056 2.005410
-0.057657 0.528327 1.953873
-0.195938 0.293728 2.037335
-0.241876 0.034088 2.109295
-0.255605 -0.202609 2.103514
-0.241702 -0.269809 2.122403
0.117062 0.297663 2.010838
0.174413 0.034792 2.080481
0.186012 -0.202190 2.069644
0.174428 -0.217172 2.077659
-0.110121 -0.198981 2.107091
-0.113361 -0.463730 2.187808
-0.105254 -0.818427 2.332151
-0.122793 -0.894423 2.273342
0.033521 -0.200481 2.103589
0.079820 -0.483563 2.211606
0.097206 -0.826933 2.345219
0.111170 -0.899825 2.278264
-0.030463 0.327434 2.026406
-0.240073 -0.341639 2.114505
-0.204422 -0.258388 2.101880
0.173717 -0.288049 2.095940
0.205918 -0.228250 2.082429
