0.059910 -0.209683 2.342416
0.282202 0.084542 2.318388
0.494812 0.374966 2.285751
0.557822 0.499374 2.338095
0.337380 0.244731 2.179969
0.439515 -0.032070 2.230454
0.529062 -0.182632 2.375071
0.543009 -0.186604 2.393353
0.600082 0.261856 2.399310
0.407682 0.010069 2.307107
0.537358 -0.173621 2.365685
0.538439 -0.193439 2.395651
0.033803 -0.181815 2.261687
0.066095 -0.545635 2.280731
-0.066175 -0.828053 2.315666
-0.002534 -0.886641 2.295380
0.085399 -0.230984 2.351010
0.252803 -0.488437 2.452388
0.214809 -0.779321 2.554625
0.273750 -0.838356 2.580144
0.442716 0.303892 2.296110
0.578828 -0.206072 2.417147
0.515648 -0.195501 2.380909
0.554537 -0.200427 2.401256
0.554922 -0.187497 2.375000
