0.663070 -0.182120 2.352031
0.692575 0.152211 2.301769
0.717675 0.475837 2.239511
0.773569 0.605392 2.268038
0.655574 0.318111 2.171114
0.614914 0.080336 2.137270
0.827803 0.027084 2.205835
0.866857 0.057915 2.251599
0.838658 0.320139 2.308274
0.858956 0.064370 2.246944
1.082724 0.236850 2.377640
1.137139 0.275687 2.438119
0.599690 -0.171701 2.303115
0.607161 -0.524041 2.299187
0.599735 -0.860586 2.304229
0.655238 -0.911447 2.261127
0.706871 -0.187226 2.331573
0.755416 -0.548880 2.338153
0.780643 -0.889478 2.463626
0.741608 -0.900540 2.327704
0.712139 0.396397 2.257202
0.889402 0.066170 2.260128
0.861449 0.036536 2.239491
1.210468 0.307007 2.400305
1.172805 0.306858 2.400167
