0.581859 -0.117509 2.048741
0.608155 0.200398 1.993961
0.628150 0.507653 1.927681
0.719669 0.610583 1.923272
0.494424 0.378403 1.844903
0.423440 0.166348 1.805466
0.672380 0.063713 1.846382
0.733420 0.062182 1.885368
0.743250 0.324499 2.063539
0.757585 0.135241 2.129786
0.832398 0.106416 1.933492
0.839588 0.115353 1.947756
0.512636 -0.110364 1.986876
0.465334 -0.483361 2.054772
0.349139 -0.856148 2.200513
0.369733 -0.923122 2.147516
0.631373 -0.120514 2.041529
0.662817 -0.495776 2.237655
0.599040 -0.845895 2.310037
0.690891 -0.893850 2.279376
0.624046 0.432380 1.946234
0.818177 0.081471 1.957973
0.708859 0.099787 1.874667
0.836233 0.118162 1.935932
0.829844 0.080035 1.936981
