0.637626 -0.168819 1.903045
0.710418 0.142140 1.843937
0.776688 0.447940 1.770563
0.895919 0.536292 1.786076
0.611183 0.334385 1.694026
0.500865 0.073029 1.668604
0.528162 -0.154950 1.650674
0.533803 -0.195284 1.665567
0.908485 0.284689 1.975946
1.024171 0.172757 2.088749
1.211063 0.226358 2.035848
1.236137 0.270770 1.998455
0.576421 -0.148497 1.827876
0.490922 -0.551834 1.862717
0.468910 -0.905298 1.955976
0.476643 -0.986121 1.891266
0.679118 -0.177180 1.911519
0.684786 -0.509715 2.036542
0.601136 -0.893658 2.092196
0.705968 -0.905571 2.058342
0.760811 0.372575 1.790525
0.544699 -0.242467 1.680656
0.491692 -0.170666 1.712465
1.259192 0.288864 1.972112
1.212573 0.293917 1.990442
