0.624950 -0.189417 1.898860
0.714376 0.147051 1.869334
0.796553 0.471063 1.828861
0.921997 0.554133 1.858318
0.631962 0.344118 1.723338
0.530486 0.081501 1.674734
0.573691 -0.147547 1.649578
0.579456 -0.184740 1.662847
0.928353 0.307920 2.034255
1.022693 0.202581 2.192341
1.207737 0.274350 2.168935
1.205189 0.286314 2.153533
0.555336 -0.168436 1.845349
0.502083 -0.542505 1.841819
0.467670 -0.904239 1.940345
0.488005 -0.985520 1.892956
0.672703 -0.203848 1.885042
0.702804 -0.481329 2.031347
0.609686 -0.904392 2.092206
0.712878 -0.907301 2.057174
0.777121 0.391682 1.840808
0.574416 -0.237111 1.697012
0.605974 -0.195227 1.625012
1.262719 0.298194 2.110973
1.207170 0.326377 2.140348
