0.267429 -0.091779 2.086914
0.275785 0.214521 2.023570
0.282228 0.510000 1.947840
0.335349 0.626302 1.903575
0.128557 0.400335 1.923454
0.012502 0.160397 1.947045
-0.009604 -0.053090 1.927848
-0.008481 -0.127294 1.929542
0.431913 0.402098 2.041950
0.472495 0.158105 2.156062
0.528290 -0.037867 2.161568
0.549565 -0.104631 2.136274
0.189672 -0.086968 2.032454
0.118673 -0.464958 2.122137
0.087006 -0.851018 2.248122
0.083975 -0.911780 2.170146
0.336049 -0.093441 2.070934
0.329239 -0.443643 2.215014
0.304112 -0.803024 2.354866
0.356324 -0.880204 2.322188
0.280955 0.437709 1.968908
-0.013075 -0.186322 1.921696
-0.049368 -0.134587 1.919053
0.560235 -0.168477 2.129741
0.519097 -0.119512 2.106042
