-0.519901 -0.055294 2.235068
-0.512467 0.267022 2.161759
-0.502119 0.578887 2.076523
-0.523614 0.689682 2.041361
-0.657304 0.439064 2.104538
-0.462263 0.255803 1.998605
-0.248709 0.143183 2.076592
-0.265453 0.105015 2.131229
-0.366505 0.417728 2.010226
-0.295917 0.179122 2.075832
-0.275692 0.053876 2.224065
-0.269939 0.034656 2.307705
-0.584284 -0.055081 2.217104
-0.641626 -0.454476 2.335070
-0.644208 -0.777129 2.449104
-0.666390 -0.826811 2.341244
-0.439136 -0.053866 2.183636
-0.384219 -0.456723 2.219835
-0.355191 -0.841341 2.186493
-0.380612 -0.888881 2.078696
-0.505216 0.502469 2.099906
-0.240226 0.075092 2.192934
-0.293454 0.071122 2.177572
-0.280514 0.003780 2.410931
-0.281474 0.023986 2.325000
