-0.489469 -0.067555 2.201599
-0.476714 0.255878 2.127300
-0.460852 0.568538 2.040731
-0.473037 0.682641 2.005434
-0.616768 0.414841 2.047075
-0.429678 0.219792 1.948879
-0.214575 0.128523 2.046098
-0.219106 0.123756 2.109110
-0.312240 0.405013 1.988655
-0.220914 0.183273 2.054472
-0.253062 0.084609 2.226686
-0.273056 0.073193 2.308675
-0.556971 -0.065860 2.178948
-0.622490 -0.464716 2.316730
-0.638561 -0.786487 2.455070
-0.646058 -0.860286 2.413284
-0.406433 -0.067203 2.154323
-0.374909 -0.477298 2.201229
-0.357636 -0.848998 2.181018
-0.371581 -0.897155 2.070166
-0.465331 0.491962 2.064478
-0.231548 0.091902 2.166933
-0.254076 0.106190 2.159167
-0.301777 0.052715 2.397913
-0.292536 0.064298 2.349500
