-0.362022 -0.120564 1.993793
-0.333922 0.212249 1.963180
-0.303512 0.533039 1.920497
-0.250822 0.653608 1.929607
-0.325384 0.362782 1.785231
-0.305265 0.118491 1.756108
-0.172829 0.023320 1.967816
-0.165619 0.012181 1.999311
-0.190607 0.351702 1.814321
-0.315370 0.140103 1.718944
-0.266993 0.019829 1.950548
-0.189380 0.010362 1.969396
-0.428920 -0.114034 1.924352
-0.561415 -0.489846 2.104190
-0.635653 -0.845501 2.158549
-0.607722 -0.891897 2.046903
-0.282482 -0.122876 1.993105
-0.355941 -0.512218 2.028987
-0.229403 -0.874641 2.152633
-0.137890 -0.894194 2.189544
-0.311481 0.454551 1.933239
-0.129261 0.034639 2.066991
-0.178782 -0.023373 1.994375
-0.139578 -0.017565 2.030237
-0.242416 -0.028632 1.938286
