-0.415154 -0.334146 2.679359
-0.402247 -0.061416 2.643494
-0.388509 0.206410 2.594436
-0.370414 0.322820 2.552970
-0.551637 0.128120 2.579660
-0.626913 -0.105489 2.583179
-0.567412 -0.288436 2.464232
-0.506801 -0.322765 2.424899
-0.229238 0.109076 2.635965
-0.146425 -0.097080 2.632998
-0.169250 -0.266996 2.484216
-0.197315 -0.303618 2.439148
-0.488045 -0.327007 2.633155
-0.536317 -0.431470 2.282518
-0.454203 -0.832568 2.359879
-0.433106 -0.879695 2.246635
-0.331357 -0.332322 2.654880
-0.200436 -0.426100 2.313196
-0.321382 -0.823147 2.383751
-0.300951 -0.895742 2.345123
-0.392268 0.140374 2.609130
-0.450008 -0.394423 2.381307
-0.473814 -0.296230 2.449231
-0.205020 -0.368885 2.355863
-0.169237 -0.353029 2.372500
