-0.327880 -0.020165 2.159472
-0.325420 0.250978 2.100642
-0.320918 0.511405 2.027993
-0.290661 0.632650 1.981836
-0.483276 0.425885 2.052083
-0.555708 0.173304 2.124261
-0.569436 -0.047766 2.090420
-0.576050 -0.082019 2.081063
-0.150957 0.401482 2.050813
-0.086683 0.159899 2.083501
-0.037428 -0.069895 2.049605
-0.033332 -0.146500 2.041665
-0.389947 -0.022138 2.120604
-0.473875 -0.437075 2.227501
-0.538022 -0.791936 2.345217
-0.587283 -0.866345 2.305799
-0.255053 -0.017357 2.125978
-0.218505 -0.436745 2.245049
-0.225703 -0.809881 2.368997
-0.213472 -0.880472 2.308652
-0.322437 0.447703 2.048446
-0.561838 -0.147199 2.069921
-0.612519 -0.081540 2.079818
-0.037106 -0.218114 2.023019
0.006195 -0.154270 2.026266
