-0.506152 -0.110176 2.091832
-0.569895 0.196997 2.024566
-0.624125 0.494411 1.949122
-0.724624 0.587080 1.928902
-0.733889 0.348459 2.094549
-0.482414 0.276222 2.238936
-0.728666 0.121954 2.156335
-0.793366 0.083265 2.145435
-0.468764 0.375541 1.872131
-0.403036 0.096646 1.868674
-0.439692 -0.149685 1.895560
-0.433711 -0.215078 1.932759
-0.553684 -0.144708 2.091315
-0.393880 -0.568535 2.062646
-0.510161 -0.890553 2.270466
-0.586758 -0.890895 2.304440
-0.440537 -0.072049 2.022649
-0.403654 -0.486713 2.023693
-0.396011 -0.863620 2.080256
-0.449685 -0.927312 2.043907
-0.611436 0.421812 1.969532
-0.854823 0.019805 2.092327
-0.749258 0.070983 2.172556
-0.442544 -0.318347 1.959660
-0.502655 -0.156774 1.968176
