-0.048124 -0.051568 2.277265
-0.057680 0.242707 2.206090
-0.067329 0.526931 2.122217
-0.080965 0.661318 2.065891
-0.233984 0.445159 2.177413
-0.305226 0.201442 2.279154
-0.346543 0.001624 2.289102
-0.364773 -0.079948 2.306568
0.098455 0.426680 2.126447
0.180645 0.183107 2.186085
0.186086 -0.030967 2.144939
0.170885 -0.101758 2.135762
-0.124924 -0.052420 2.248030
-0.118549 -0.390584 2.353983
-0.081843 -0.752976 2.474087
-0.141949 -0.841327 2.450578
0.030039 -0.048952 2.235373
0.108611 -0.432541 2.234962
0.237263 -0.821013 2.377535
0.262806 -0.880186 2.304869
-0.064970 0.457338 2.145391
-0.365340 -0.148739 2.334837
-0.394712 -0.062983 2.310200
0.164537 -0.163440 2.119310
0.137217 -0.103322 2.109500
