-0.298370 -0.079889 2.193966
-0.294180 0.224217 2.105699
-0.287789 0.519102 2.004441
-0.365255 0.611401 1.958750
-0.403770 0.430205 2.174059
-0.340141 0.261202 2.054801
-0.158280 0.295023 1.838734
-0.101682 0.284372 1.803367
-0.146320 0.431382 1.985586
-0.079674 0.270333 1.825425
-0.283949 0.432281 1.823803
-0.371177 0.449224 1.862711
-0.359523 -0.081851 2.199710
-0.407099 -0.432126 2.295438
-0.455839 -0.781893 2.361527
-0.521740 -0.842328 2.344490
-0.227227 -0.075476 2.116716
-0.197774 -0.448628 2.229609
-0.197499 -0.821383 2.357083
-0.229346 -0.882561 2.293691
-0.289767 0.446880 2.031833
-0.050348 0.245842 1.782953
-0.060234 0.333704 1.837889
-0.443708 0.458688 1.860204
-0.326544 0.508967 1.891722
