-0.293942 -0.074795 2.195683
-0.288273 0.231130 2.112020
-0.281352 0.526939 2.016080
-0.344504 0.637540 1.980741
-0.404267 0.428993 2.175896
-0.243836 0.339410 2.000882
-0.109694 0.272289 1.826879
-0.083391 0.259244 1.808911
-0.138277 0.439582 1.993607
-0.077356 0.260889 1.833302
-0.265901 0.407868 1.835772
-0.315051 0.435122 1.850116
-0.355727 -0.077482 2.205625
-0.402323 -0.432116 2.302083
-0.448696 -0.770161 2.361514
-0.499513 -0.837546 2.346754
-0.222292 -0.069472 2.115443
-0.198829 -0.456059 2.231076
-0.197391 -0.819762 2.357956
-0.228314 -0.880126 2.291696
-0.283320 0.454591 2.042239
-0.054956 0.213232 1.793861
-0.031218 0.303173 1.843200
-0.393650 0.460794 1.858374
-0.301488 0.432734 1.799333
