0.003183 -0.060785 2.472560
-0.013425 0.260532 2.381250
-0.022410 0.571199 2.277471
0.075140 0.662099 2.292474
-0.123244 0.437439 2.192504
-0.187727 0.164214 2.186498
-0.151973 -0.061851 2.203665
-0.145344 -0.136643 2.245021
0.091187 0.433530 2.418222
0.132837 0.242817 2.583025
0.290680 0.121494 2.526310
0.307923 0.147194 2.533557
-0.057944 -0.064852 2.394717
-0.127535 -0.430539 2.470082
-0.176069 -0.759382 2.557047
-0.123536 -0.827361 2.518476
0.063593 -0.052284 2.479360
0.132115 -0.396546 2.732364
0.140855 -0.736664 2.789640
0.211962 -0.756912 2.818940
-0.020421 0.495058 2.305614
-0.141352 -0.208928 2.267188
-0.096150 -0.103806 2.281441
0.314901 0.131240 2.527901
0.293660 0.132265 2.496445
