-0.039233 -0.103648 2.362469
0.071617 0.183404 2.270382
0.181511 0.463180 2.167969
0.297780 0.522460 2.178256
0.013338 0.384135 2.084626
-0.130663 0.232454 2.042234
-0.135774 -0.041111 2.053419
-0.125305 -0.120595 2.081863
0.225424 0.332020 2.341034
0.254680 0.157421 2.504832
0.342674 -0.011389 2.566259
0.365092 -0.078713 2.617219
-0.086966 -0.091077 2.287825
-0.176964 -0.479591 2.301867
-0.216830 -0.823306 2.329364
-0.189701 -0.888107 2.265028
0.010221 -0.113379 2.366019
-0.041353 -0.472253 2.485425
-0.083282 -0.806911 2.552582
-0.007269 -0.831192 2.543808
0.154587 0.394256 2.195569
-0.124175 -0.192185 2.111397
-0.182835 -0.084538 2.132125
0.381616 -0.163197 2.675198
0.342428 -0.075111 2.579909
