-0.041550 -0.119026 2.373500
0.063138 0.195013 2.289653
0.164075 0.500217 2.196161
0.282125 0.560355 2.213622
0.019952 0.405631 2.094801
-0.082688 0.218078 2.044959
-0.051405 -0.056309 2.065098
-0.048068 -0.127650 2.095149
0.207224 0.369696 2.369041
0.218880 0.194642 2.566542
0.306948 0.027250 2.631508
0.329504 -0.027108 2.658962
-0.080283 -0.106354 2.316082
-0.166528 -0.488352 2.300175
-0.214695 -0.830310 2.329444
-0.185257 -0.893978 2.264509
-0.002328 -0.128774 2.359591
-0.034408 -0.484886 2.498532
-0.095728 -0.819794 2.550867
0.000964 -0.832989 2.548362
0.139297 0.425035 2.221640
-0.026575 -0.198268 2.114422
-0.106401 -0.119826 2.137111
0.341806 -0.097609 2.716437
0.317372 -0.052000 2.646195
