-0.283008 -0.110385 2.051364
-0.338638 0.189558 1.976976
-0.391322 0.479293 1.890987
-0.473559 0.591457 1.850509
-0.532131 0.361047 2.018049
-0.644817 0.178255 2.118065
-0.797124 0.049078 2.137733
-0.870085 0.038941 2.139415
-0.217595 0.381842 1.873865
-0.079245 0.160417 1.914290
-0.064673 -0.066448 1.893876
-0.075973 -0.140745 1.885704
-0.349529 -0.117753 2.041327
-0.343942 -0.448997 2.162724
-0.308780 -0.806849 2.266629
-0.338119 -0.891282 2.221660
-0.206841 -0.099214 1.990971
-0.087738 -0.485179 2.055224
0.021261 -0.864037 2.190184
0.048975 -0.923941 2.121200
-0.378732 0.408386 1.914532
-0.951011 0.001018 2.162917
-0.922710 0.049173 2.112360
-0.084075 -0.221966 1.902633
-0.113935 -0.122396 1.894245
