-0.249732 -0.091594 2.067208
-0.296583 0.197980 1.989732
-0.338501 0.477875 1.899238
-0.310719 0.597355 1.829169
-0.488291 0.360192 1.911930
-0.585158 0.113654 1.978568
-0.592297 -0.089275 1.939182
-0.575760 -0.154476 1.891915
-0.170077 0.409475 1.970275
-0.080218 0.174660 2.067412
-0.034592 -0.053354 2.016231
-0.037925 -0.095613 2.019270
-0.323096 -0.102364 2.023136
-0.329283 -0.447490 2.134469
-0.307083 -0.807517 2.260856
-0.339226 -0.884909 2.223680
-0.167673 -0.077686 2.041577
-0.072223 -0.473443 2.111881
-0.004336 -0.837700 2.213915
0.043899 -0.896079 2.163873
-0.328735 0.409384 1.924047
-0.565150 -0.203746 1.858509
-0.534779 -0.164427 1.867500
-0.034089 -0.145396 2.006761
-0.084249 -0.077370 1.996850
