0.661733 -0.082402 2.378862
0.647258 0.250097 2.315315
0.629673 0.572328 2.238215
0.727137 0.678651 2.220816
0.541454 0.418967 2.146074
0.586988 0.163538 2.127679
0.781383 0.067781 2.209872
0.821216 0.040617 2.243635
0.735307 0.435552 2.426782
0.818386 0.149821 2.374086
1.014398 0.119454 2.446938
0.985378 0.065080 2.388585
0.619853 -0.080807 2.302884
0.609015 -0.513436 2.308458
0.575988 -0.859758 2.341210
0.674699 -0.884167 2.328420
0.684308 -0.081941 2.372541
0.543399 -0.450475 2.506711
0.525370 -0.832106 2.607026
0.598282 -0.848287 2.497524
0.634683 0.493317 2.259768
0.882677 -0.007734 2.280711
0.841667 0.036675 2.252733
0.981965 0.055487 2.392945
0.980855 0.063445 2.329000
