-0.009944 -0.117923 2.228088
-0.013320 0.219109 2.165639
-0.017352 0.544543 2.090050
-0.072488 0.665178 2.064715
-0.103892 0.368612 1.988693
-0.140692 0.113702 1.959076
0.008268 -0.018239 2.042959
0.062958 -0.065956 2.081069
0.032003 0.379930 1.973914
0.008938 0.084837 1.952289
-0.048214 -0.127234 1.961973
-0.040867 -0.199249 1.968286
-0.088126 -0.118558 2.215249
-0.160150 -0.417957 2.447486
-0.013118 -0.822862 2.478914
0.064941 -0.874079 2.390913
0.067491 -0.113241 2.170117
-0.019919 -0.487802 2.240853
0.177128 -0.811545 2.326548
0.112847 -0.887056 2.329609
-0.016455 0.464615 2.110736
0.097037 -0.116569 2.141168
0.085684 0.014790 2.089457
-0.040551 -0.281075 2.008455
0.008115 -0.163350 2.045750
