-0.468952 -0.100997 2.067005
-0.479102 0.193332 2.026732
-0.486084 0.477440 1.973893
-0.445377 0.605162 1.900464
-0.646497 0.379409 1.951909
-0.671257 0.149059 1.901450
-0.470270 0.185337 1.802147
-0.376412 0.162987 1.743486
-0.315513 0.377304 2.016983
-0.258539 0.145246 1.999414
-0.426312 0.196486 1.764587
-0.401263 0.166271 1.746854
-0.534774 -0.102925 2.018094
-0.578356 -0.452687 2.139033
-0.624723 -0.820244 2.286697
-0.686366 -0.891787 2.220759
-0.388769 -0.095437 2.047692
-0.358266 -0.482570 2.176325
-0.335309 -0.827959 2.302162
-0.315460 -0.904494 2.225517
-0.484905 0.407869 1.989233
-0.321956 0.167587 1.693176
-0.323439 0.153001 1.752000
-0.412767 0.147263 1.647915
-0.444522 0.166359 1.732800
