-0.015560 -0.089828 2.381766
0.062515 0.243814 2.309426
0.138520 0.567122 2.224920
0.256456 0.661295 2.253849
0.050069 0.420152 2.134122
0.195284 0.178130 2.043035
0.304301 0.121563 2.211573
0.344149 0.138934 2.306945
0.214916 0.447693 2.401772
0.211823 0.250563 2.161700
0.230184 0.082490 1.907216
0.236706 0.026808 1.826185
-0.049853 -0.077054 2.351859
0.075532 -0.476872 2.334373
-0.009279 -0.838642 2.341121
0.085878 -0.887903 2.324311
0.018886 -0.099698 2.342206
0.002291 -0.417391 2.624842
-0.053717 -0.722083 2.775239
-0.001880 -0.762206 2.652619
0.119842 0.487811 2.248167
0.343289 0.141920 2.302582
0.350405 0.111392 2.322039
0.204566 0.003569 1.736128
0.197718 -0.043360 1.876501
