0.315470 -0.158206 1.897421
0.322943 0.144205 1.866107
0.328028 0.435050 1.822123
0.348090 0.555658 1.734349
0.171706 0.339772 1.805323
0.165409 0.124997 1.724655
0.384341 0.135240 1.709377
0.443571 0.122363 1.733879
0.497319 0.319246 1.814202
0.490030 0.105562 1.731591
0.242989 0.078003 1.709387
0.195668 0.104849 1.716573
0.233610 -0.150307 1.857788
0.161039 -0.517163 1.911543
0.077833 -0.892901 2.053621
0.005364 -0.952532 2.005459
0.387063 -0.161037 1.866362
0.370487 -0.509780 1.989905
0.343089 -0.874198 2.141720
0.358678 -0.950500 2.078223
0.327181 0.363920 1.835186
0.532967 0.132340 1.723941
0.435235 0.043969 1.762867
0.128845 0.128210 1.726457
0.202550 0.024005 1.771161
