-0.017840 -0.191840 2.350246
0.161315 0.028629 2.218033
0.335224 0.243992 2.075718
0.455665 0.262407 2.040970
0.159608 0.210303 2.027420
0.153028 -0.010975 2.037463
-0.033789 -0.216526 2.132627
-0.068230 -0.264618 2.161022
0.361687 0.115713 2.317605
0.319967 -0.088507 2.482144
0.338947 -0.301239 2.518068
0.289758 -0.394252 2.508427
-0.065131 -0.167269 2.308851
-0.023410 -0.515020 2.273261
-0.133720 -0.844127 2.306234
-0.081106 -0.895764 2.251710
0.028307 -0.210259 2.329806
0.102010 -0.585029 2.462875
0.103289 -0.772493 2.511214
0.187776 -0.837338 2.477567
0.292542 0.190914 2.113361
-0.103441 -0.335399 2.190625
-0.111735 -0.226045 2.163900
0.319904 -0.505427 2.532501
0.285221 -0.369061 2.491440
