-0.045335 -0.154541 1.861783
-0.075353 0.152047 1.788705
-0.103730 0.447064 1.702076
-0.047353 0.581621 1.682467
-0.193178 0.305796 1.615815
-0.238037 0.067370 1.555792
-0.148735 -0.128536 1.597305
-0.110107 -0.203444 1.656486
-0.002619 0.359245 1.838166
0.036805 0.118358 1.984925
0.064660 -0.088158 2.045097
0.069665 -0.179664 2.069399
-0.095028 -0.158245 1.779517
-0.120062 -0.503736 1.826087
-0.087877 -0.927431 1.925571
-0.048441 -0.994136 1.863448
0.005970 -0.145135 1.873665
-0.101466 -0.587453 1.883575
-0.266180 -0.733887 2.287766
-0.283505 -0.828654 2.293906
-0.096884 0.375027 1.725942
-0.076817 -0.290764 1.697299
-0.050348 -0.153233 1.682889
0.068667 -0.225205 2.079117
0.053917 -0.186565 2.026364
