-0.280975 0.037613 2.619607
-0.299666 0.348134 2.543156
-0.320040 0.648701 2.454972
-0.321738 0.798221 2.467199
-0.468056 0.526195 2.458505
-0.649291 0.617148 2.583317
-0.636256 0.766497 2.824582
-0.643041 0.825902 2.841774
-0.202122 0.538420 2.460469
-0.382396 0.653101 2.582904
-0.595731 0.739500 2.676299
-0.657694 0.774960 2.713379
-0.350114 0.028790 2.578358
-0.214554 -0.401815 2.628429
-0.117537 -0.743224 2.763399
-0.169197 -0.789540 2.645639
-0.204011 0.044565 2.590677
-0.243107 -0.396898 2.597940
-0.214502 -0.819577 2.569934
-0.211417 -0.869799 2.458726
-0.314882 0.574969 2.479225
-0.700927 0.868758 2.841019
-0.637922 0.765963 2.859600
-0.693332 0.856388 2.825531
-0.699042 0.721776 2.651996
