-0.115500 -0.102279 2.060836
-0.149379 0.200879 1.980437
-0.181549 0.493098 1.887285
-0.138682 0.620400 1.846350
-0.299913 0.355293 1.829171
-0.317374 0.093842 1.814090
-0.226606 -0.107690 1.818987
-0.198246 -0.146123 1.864592
-0.054439 0.402907 2.035225
-0.005412 0.153324 2.145092
0.029844 -0.062636 2.161952
0.033815 -0.137266 2.152379
-0.172875 -0.114677 1.987335
-0.230275 -0.484591 2.112537
-0.221495 -0.843860 2.222451
-0.220742 -0.925746 2.143404
-0.054602 -0.086158 2.063430
-0.029089 -0.474324 2.168672
0.013713 -0.819177 2.307779
0.096460 -0.878610 2.306645
-0.173805 0.421638 1.912736
-0.148934 -0.218428 1.883697
-0.271238 -0.170045 1.895794
0.043187 -0.200898 2.163633
0.054913 -0.151004 2.154059
