-0.104265 -0.098558 1.968209
-0.136506 0.197997 1.906267
-0.169486 0.483267 1.830629
-0.146261 0.608730 1.796785
-0.273221 0.359340 1.753543
-0.214624 0.177862 1.620571
-0.086217 0.350712 1.655293
-0.054618 0.430666 1.671662
-0.094735 0.455055 1.949116
-0.002641 0.201412 2.068926
0.052092 -0.012175 2.073239
0.047485 -0.077811 2.023150
-0.152954 -0.105936 1.888020
-0.204148 -0.509577 2.021641
-0.218578 -0.880835 2.139235
-0.177963 -0.948988 2.058108
-0.053456 -0.088792 1.976403
-0.085992 -0.499908 2.127896
-0.120038 -0.870545 2.291598
-0.029748 -0.904684 2.281636
-0.161265 0.413323 1.851844
-0.025626 0.480459 1.680085
-0.096655 0.445067 1.696053
0.058851 -0.155267 2.005159
0.029853 -0.094528 1.967800
