0.145536 -0.086546 2.122990
0.113289 0.208536 2.065644
0.078179 0.492790 1.994843
0.125729 0.605263 1.933996
-0.049541 0.366780 1.929539
-0.020694 0.147915 1.872571
0.149493 0.286704 1.868170
0.166160 0.351607 1.878081
0.199603 0.385827 2.143050
0.295378 0.181395 2.215409
0.310125 -0.034810 2.162855
0.296730 -0.079629 2.132388
0.084131 -0.091208 2.060080
0.016965 -0.514660 2.072907
-0.089104 -0.876416 2.166361
-0.117274 -0.942756 2.088661
0.201732 -0.079492 2.115396
0.167942 -0.460845 2.222732
0.100887 -0.841041 2.324623
0.189365 -0.897493 2.310992
0.086980 0.423452 2.014870
0.219476 0.403123 1.861103
0.143494 0.383952 1.923842
0.285907 -0.157003 2.119966
0.265903 -0.065193 2.088842
