-0.399035 -0.129021 1.934077
-0.391532 0.174692 1.882787
-0.382500 0.467297 1.819610
-0.467801 0.577118 1.794265
-0.507266 0.388308 1.972616
-0.579745 0.133585 2.100091
-0.727495 -0.022717 2.129906
-0.803957 -0.050178 2.150724
-0.240795 0.332014 1.749855
-0.201464 0.051226 1.732731
-0.256752 -0.163206 1.718637
-0.253435 -0.217583 1.724085
-0.451207 -0.119512 1.941503
-0.437823 -0.455799 2.045976
-0.375514 -0.859982 2.160192
-0.458691 -0.917297 2.127859
-0.333640 -0.132701 1.857307
-0.241898 -0.525342 1.861606
-0.087546 -0.926802 2.000192
-0.067472 -0.984312 1.931103
-0.385154 0.395764 1.837455
-0.870609 -0.082824 2.201506
-0.848067 0.004005 2.146222
-0.270082 -0.308889 1.733461
-0.214076 -0.251444 1.705682
