-0.549801 -0.140898 1.947915
-0.556898 0.158782 1.897716
-0.549859 0.449222 1.838093
-0.625012 0.539140 1.780466
-0.677336 0.341640 1.978203
-0.742657 0.111747 2.031459
-0.762586 0.028160 1.819145
-0.765028 0.002992 1.762601
-0.400809 0.333688 1.793066
-0.340272 0.114876 1.774107
-0.600779 -0.006420 1.724705
-0.676236 -0.019315 1.730393
-0.602614 -0.143769 1.948521
-0.585538 -0.450476 2.046532
-0.512818 -0.851628 2.162751
-0.579886 -0.921144 2.106665
-0.478998 -0.133687 1.880453
-0.375801 -0.512281 1.900416
-0.201631 -0.908283 2.040296
-0.179341 -0.971239 1.981684
-0.552903 0.378277 1.855135
-0.767124 -0.013213 1.724675
-0.811939 0.029597 1.751333
-0.765167 -0.029365 1.731619
-0.657358 -0.042804 1.683091
