0.578254 -0.231086 1.782587
0.676245 0.078280 1.689631
0.770699 0.373629 1.585485
0.718816 0.305397 1.545400
0.691991 0.374167 1.637980
0.726224 0.081606 1.552127
0.796294 -0.198237 1.614340
0.825246 -0.243073 1.654740
0.867921 0.221298 1.824613
1.045781 0.002481 1.892551
1.247615 -0.050473 1.831802
1.259716 -0.062788 1.841576
0.520435 -0.208346 1.701325
0.641505 -0.581522 1.746615
0.579589 -0.956899 1.817176
0.622361 -1.007293 1.793050
0.609024 -0.244006 1.794710
0.585158 -0.611433 1.978636
0.541807 -0.931608 2.102365
0.607603 -0.960523 1.996077
0.747081 0.301798 1.613376
0.872732 -0.273305 1.692363
0.793223 -0.250803 1.679909
1.259696 -0.063108 1.831264
1.252569 -0.067053 1.819000
