0.076547 -0.126049 2.250048
0.289410 0.120666 2.260246
0.479596 0.363231 2.259552
0.432511 0.320811 2.196169
0.438873 0.406096 2.266191
0.419738 0.110740 2.189503
0.487972 -0.084805 2.323872
0.560830 -0.134129 2.292710
0.460399 0.157659 2.170582
0.509585 -0.066643 2.241580
0.651371 -0.169708 2.385217
0.689632 -0.210905 2.412113
0.035440 -0.074678 2.181798
0.142734 -0.388271 2.209736
0.132660 -0.863715 2.214584
0.217531 -0.922708 2.181356
0.114451 -0.173244 2.247427
0.091884 -0.508121 2.206794
0.185579 -0.837471 2.269892
0.254186 -0.913122 2.222589
0.433622 0.303808 2.262823
0.627558 -0.202759 2.379697
0.576182 -0.090733 2.273632
0.741629 -0.239903 2.442972
0.714157 -0.183842 2.402083
