0.211761 -0.181501 1.806797
0.184642 0.134341 1.742783
0.156717 0.438613 1.664685
0.230739 0.555574 1.631800
0.035229 0.303759 1.607396
-0.027619 0.037963 1.585507
0.019419 -0.178141 1.581415
0.028342 -0.219778 1.578273
0.282595 0.318542 1.797396
0.335955 0.053864 1.914726
0.365115 -0.162425 1.933544
0.365511 -0.208743 1.934924
0.146167 -0.184517 1.734511
0.074442 -0.516182 1.842936
0.080815 -0.913616 1.981784
0.092767 -0.979779 1.909943
0.268168 -0.171488 1.808881
0.300990 -0.532042 1.914593
0.343555 -0.875716 2.117786
0.427415 -0.919452 2.129324
0.163833 0.364301 1.686433
0.065147 -0.302041 1.594544
0.069734 -0.192060 1.603650
0.374886 -0.274985 1.943679
0.331236 -0.187405 1.882143
