0.289069 -0.158835 1.888623
0.272562 0.154087 1.813626
0.255080 0.455583 1.725446
0.307424 0.569407 1.683458
0.142714 0.333457 1.671981
0.173994 0.110900 1.638313
0.256779 0.310999 1.575880
0.285673 0.386303 1.600956
0.429590 0.351225 1.876046
0.479926 0.077111 1.963716
0.510797 -0.140521 1.967666
0.525642 -0.187433 1.968801
0.222967 -0.153817 1.817063
0.133865 -0.538191 1.910314
0.083075 -0.917144 1.986161
0.097408 -0.976596 1.909817
0.344456 -0.157938 1.890878
0.331076 -0.502714 2.035525
0.361955 -0.866939 2.191015
0.429283 -0.932618 2.139635
0.259691 0.381920 1.749674
0.336445 0.469952 1.604534
0.254482 0.396051 1.629375
0.535232 -0.270197 1.975453
0.556190 -0.170226 1.955214
