-0.211193 -0.148623 2.073897
-0.456435 0.070834 2.070794
-0.692137 0.282876 2.056413
-0.754297 0.325460 1.978234
-0.784764 0.162780 2.252445
-0.706358 -0.018589 2.012757
-0.768384 -0.097645 2.278022
-0.769389 -0.111720 2.355243
-0.477900 0.171637 1.916159
-0.687997 -0.014030 1.995643
-0.894373 -0.067476 2.143290
-0.910222 -0.066111 2.183192
-0.234371 -0.164445 2.066628
-0.316473 -0.588737 2.118297
-0.271817 -0.885154 2.285339
-0.317421 -0.904280 2.155729
-0.180579 -0.128331 2.011177
-0.371791 -0.531829 2.055094
-0.367008 -0.875370 2.110881
-0.458203 -0.917656 2.103415
-0.634692 0.230713 2.061915
-0.800650 -0.140131 2.480162
-0.712599 -0.103364 2.323334
-0.927938 -0.021010 2.269288
-0.898884 -0.105942 2.164351
