-0.298583 -0.169589 2.105189
-0.496307 0.089025 2.088405
-0.701789 0.338365 2.069555
-0.757955 0.374429 1.987732
-0.794422 0.218066 2.265691
-0.744387 -0.079013 2.252870
-0.924730 0.065224 2.097041
-0.936288 0.094835 2.085781
-0.444163 0.297639 1.971238
-0.623154 0.061620 1.911332
-0.869065 0.016702 1.972051
-0.928094 0.039762 2.023641
-0.341345 -0.198278 2.097414
-0.287302 -0.565352 2.197146
-0.265271 -0.894505 2.301012
-0.321775 -0.932684 2.238887
-0.245520 -0.135642 2.042628
-0.409194 -0.552572 2.037687
-0.377553 -0.895714 2.118449
-0.471783 -0.931297 2.112430
-0.650998 0.276057 2.076405
-0.960694 0.152093 2.083177
-0.903642 0.054596 1.986501
-1.007849 0.022140 2.094638
-0.908098 0.075534 2.103857
