-0.580032 -0.412028 2.533434
-0.446006 -0.165913 2.479270
-0.313525 0.076880 2.412730
-0.214987 0.163643 2.423053
-0.442659 0.021217 2.343450
-0.391715 -0.140421 2.185523
-0.289358 -0.334651 2.155901
-0.271293 -0.369303 2.194163
-0.222910 -0.031665 2.622841
-0.136042 -0.233699 2.583654
-0.159697 -0.401354 2.434277
-0.169384 -0.439417 2.456449
-0.622495 -0.391578 2.431983
-0.340627 -0.632465 2.339356
-0.614470 -0.812787 2.482417
-0.561700 -0.869610 2.426961
-0.522353 -0.421630 2.567699
-0.130626 -0.424760 2.494403
-0.228806 -0.786377 2.579888
-0.158609 -0.831015 2.574522
-0.346603 0.016741 2.431703
-0.255419 -0.444243 2.224048
-0.233732 -0.343518 2.190408
-0.200875 -0.537963 2.459528
-0.113177 -0.429353 2.443109
