-0.273066 -0.131872 2.231256
-0.279264 0.146335 2.126494
-0.267498 0.419598 2.005411
-0.266035 0.514464 1.939942
-0.436874 0.312364 2.041538
-0.487776 0.063400 2.106520
-0.487452 -0.156628 2.112926
-0.491629 -0.192614 2.136115
-0.140221 0.300685 2.063367
-0.093726 0.058329 2.085042
-0.094345 -0.172544 2.036870
-0.103123 -0.245098 2.008772
-0.330179 -0.132182 2.186129
-0.339227 -0.483723 2.242950
-0.351585 -0.812278 2.330923
-0.257888 -0.881206 2.279832
-0.207962 -0.127319 2.202275
-0.150341 -0.482913 2.310732
-0.112828 -0.816141 2.405762
-0.095601 -0.881745 2.329737
-0.271585 0.351881 2.038791
-0.482745 -0.266495 2.148436
-0.463849 -0.180832 2.116692
-0.121911 -0.331856 1.987085
-0.132993 -0.232816 2.016444
