0.603470 -0.118038 2.121098
0.600048 0.170287 2.062575
0.592206 0.449152 1.992133
0.638812 0.551748 1.970716
0.500451 0.310278 1.941856
0.467654 0.041463 1.927942
0.498048 -0.173666 1.954379
0.514210 -0.248797 1.990251
0.725303 0.283386 2.069345
0.818732 0.026148 2.161474
0.982491 -0.115307 2.099944
1.035026 -0.116209 2.091098
0.535642 -0.114640 2.055939
0.505047 -0.438079 2.146659
0.481377 -0.788321 2.245790
0.548596 -0.871777 2.230823
0.651953 -0.117859 2.118315
0.567979 -0.416917 2.133992
0.480697 -0.813545 2.256770
0.560637 -0.855551 2.291003
0.594884 0.380823 2.011824
0.535426 -0.324992 2.013375
0.537051 -0.240276 1.962792
1.107254 -0.152075 2.113302
1.058106 -0.050041 2.067122
