0.184890 -0.093744 2.314355
0.167367 0.187275 2.228335
0.149831 0.459530 2.129502
0.214907 0.555426 2.095566
0.042236 0.344609 2.087497
0.002136 0.072483 2.090204
0.061125 -0.155998 2.122167
0.090191 -0.234544 2.157155
0.261629 0.358576 2.225511
0.305254 0.153117 2.344762
0.331747 -0.053234 2.406287
0.321358 -0.104356 2.425371
0.130293 -0.100588 2.248212
0.108138 -0.472021 2.310059
0.061072 -0.801129 2.437059
0.068704 -0.878982 2.337816
0.234440 -0.083855 2.310271
0.223356 -0.463108 2.396863
0.185854 -0.802761 2.501911
0.254220 -0.857332 2.487745
0.154294 0.392771 2.156435
0.108143 -0.320706 2.183580
0.126465 -0.209419 2.141782
0.330962 -0.183455 2.444206
0.331582 -0.096542 2.423833
