-0.089398 -0.094120 2.356835
-0.094827 0.191287 2.297386
-0.100087 0.468329 2.226058
-0.114226 0.607936 2.186556
-0.259897 0.348009 2.244165
-0.290908 0.107834 2.292264
-0.294054 -0.112959 2.279740
-0.283503 -0.161746 2.286941
0.042114 0.337265 2.213336
0.112074 0.103306 2.252216
0.169457 -0.109762 2.245456
0.174552 -0.183016 2.248182
-0.149071 -0.094387 2.325984
-0.201397 -0.459296 2.402402
-0.227641 -0.789898 2.479537
-0.243611 -0.863096 2.383382
-0.027255 -0.091082 2.317426
0.039908 -0.420526 2.402374
0.090247 -0.776172 2.538159
0.145183 -0.851976 2.500541
-0.098852 0.400317 2.246049
-0.272139 -0.240521 2.304577
-0.231828 -0.181882 2.253889
0.191275 -0.236590 2.247611
0.154439 -0.177364 2.225958
