0.631454 -0.128293 2.050926
0.620474 0.155230 1.982844
0.604688 0.434806 1.900913
0.642274 0.544860 1.884166
0.542306 0.298164 1.838227
0.573299 0.050688 1.733323
0.783025 0.100657 1.785396
0.820808 0.099641 1.804610
0.731349 0.275419 2.059015
0.700849 0.116351 1.792658
0.698846 0.155964 1.996709
0.773837 0.179204 2.047804
0.584757 -0.111500 1.998807
0.585200 -0.473150 2.056897
0.557133 -0.875979 2.130488
0.631567 -0.942380 2.105267
0.651663 -0.130428 2.032055
0.541782 -0.461706 2.235179
0.527001 -0.869114 2.382879
0.512924 -0.946313 2.341306
0.609421 0.366617 1.923890
0.861861 0.101516 1.818231
0.827762 0.071244 1.795316
0.773219 0.184858 2.044407
0.750538 0.166413 2.036457
