-0.496402 -0.131478 2.048027
-0.507839 0.174704 1.996404
-0.515877 0.470444 1.931908
-0.563128 0.584226 1.925863
-0.669083 0.330365 1.994837
-0.616951 0.052632 1.870937
-0.603522 -0.222119 1.975884
-0.606635 -0.286138 1.981160
-0.452602 0.326585 1.870262
-0.564476 0.061947 1.785655
-0.617627 -0.137562 1.881513
-0.628382 -0.184837 1.944569
-0.538289 -0.129803 2.048605
-0.438151 -0.511025 2.165143
-0.339970 -0.821867 2.363957
-0.401249 -0.865538 2.358475
-0.437982 -0.128558 1.978804
-0.504312 -0.455663 2.035020
-0.512070 -0.849370 2.148799
-0.596299 -0.905749 2.157197
-0.514475 0.398020 1.950171
-0.586081 -0.383840 2.008323
-0.566204 -0.284615 1.933313
-0.637575 -0.255934 1.971196
-0.560572 -0.203789 1.905737
