-0.415144 -0.163746 2.051628
-0.455518 0.165556 2.023857
-0.490909 0.482686 1.984689
-0.532105 0.594741 1.973413
-0.574487 0.278415 1.894470
-0.792813 0.139101 2.008521
-0.727184 0.005685 2.255901
-0.709263 -0.054892 2.300407
-0.429641 0.349634 1.917460
-0.686677 0.204606 1.943009
-0.885673 0.125841 2.070591
-0.963572 0.115089 2.151557
-0.472046 -0.171967 1.995786
-0.434255 -0.522471 2.092549
-0.301255 -0.838301 2.334446
-0.384994 -0.872188 2.340357
-0.344203 -0.152196 2.041570
-0.315831 -0.494768 2.228795
-0.517144 -0.863421 2.147890
-0.606541 -0.907612 2.162491
-0.482869 0.404983 1.996537
-0.703427 -0.141373 2.327603
-0.667361 -0.015811 2.296371
-1.005188 0.092723 2.192162
-0.959356 0.090309 2.166072
