0.006082 -0.086749 2.041891
0.013799 0.215135 1.957140
0.036511 0.506442 1.850394
0.058936 0.638420 1.857158
0.014639 0.357739 1.784715
0.109770 0.096429 1.760983
0.183613 -0.097812 1.836498
0.194549 -0.153637 1.885646
0.097115 0.400909 1.947146
0.071361 0.114609 1.818517
0.075544 -0.090087 1.901645
0.098529 -0.099792 1.925786
-0.032217 -0.097480 1.980985
0.147030 -0.323486 1.961621
0.050621 -0.711147 2.145257
0.126705 -0.750865 2.088834
0.041564 -0.072560 2.036029
0.032757 -0.442785 2.093334
-0.071780 -0.827511 2.275975
0.021897 -0.835286 2.298816
0.029849 0.435432 1.880408
0.212851 -0.208720 1.915367
0.217469 -0.145989 1.860333
0.129036 -0.159892 1.936214
0.124979 -0.079734 1.908421
