-0.282798 -0.119648 2.158912
-0.341287 0.170869 2.041856
-0.397726 0.452868 1.912713
-0.483097 0.553861 1.884817
-0.515529 0.328165 2.081624
-0.663852 0.201915 2.175159
-0.860968 0.125049 2.229772
-0.914401 0.103766 2.255913
-0.252042 0.335245 1.870112
-0.105855 0.143355 1.854232
-0.095024 -0.082592 1.844600
-0.096106 -0.141456 1.845523
-0.333906 -0.122654 2.164153
-0.331586 -0.370294 2.291734
-0.288464 -0.785980 2.402826
-0.378358 -0.809826 2.415357
-0.223402 -0.111798 2.085440
-0.180673 -0.438934 2.048699
-0.181486 -0.813428 2.110624
-0.251699 -0.881724 2.066741
-0.384050 0.383714 1.947113
-0.959257 0.066056 2.285254
-0.932448 0.136994 2.217818
-0.100398 -0.200612 1.847683
-0.135994 -0.138748 1.843643
