-0.369216 -0.103985 2.229869
-0.429372 0.194397 2.152997
-0.485409 0.483653 2.064708
-0.572672 0.572862 2.029752
-0.590187 0.317790 2.167479
-0.648376 0.112809 2.227221
-0.771741 -0.069748 2.181397
-0.829578 -0.080295 2.180804
-0.324969 0.398261 2.048853
-0.169283 0.216529 2.079177
-0.134557 -0.006380 2.055626
-0.148633 -0.067386 2.047869
-0.426818 -0.114563 2.222427
-0.454123 -0.380831 2.286372
-0.419736 -0.746787 2.420661
-0.478197 -0.810726 2.387011
-0.300276 -0.090092 2.168769
-0.194176 -0.422427 2.227761
-0.081152 -0.724214 2.391040
-0.048889 -0.788086 2.304688
-0.472085 0.412693 2.088804
-0.860943 -0.116090 2.189957
-0.835674 -0.091953 2.124167
-0.144479 -0.124237 2.041547
-0.114040 -0.080149 2.024222
