-0.438269 -0.099672 2.214521
-0.453326 0.186373 2.143563
-0.465655 0.463584 2.061319
-0.487283 0.569593 1.980625
-0.623682 0.360520 2.093001
-0.653511 0.144606 2.141644
-0.611000 -0.072083 2.084715
-0.587651 -0.115078 2.080473
-0.309630 0.391094 2.099090
-0.226620 0.159792 2.154964
-0.184827 -0.061504 2.132314
-0.189734 -0.111367 2.113150
-0.504174 -0.104897 2.177449
-0.521012 -0.377349 2.280993
-0.517294 -0.737285 2.434124
-0.548446 -0.817445 2.383644
-0.359538 -0.091501 2.183439
-0.265585 -0.431359 2.297924
-0.183283 -0.734200 2.427379
-0.189039 -0.815292 2.343788
-0.463084 0.395591 2.083922
-0.569415 -0.147984 2.072126
-0.565515 -0.102328 2.055056
-0.182266 -0.149497 2.113163
-0.212128 -0.106738 2.088645
