-0.387476 -0.084314 2.299585
-0.453191 0.240398 2.218970
-0.512695 0.554831 2.126583
-0.551289 0.677000 2.118141
-0.522897 0.379527 2.068267
-0.682676 0.180997 2.018717
-0.868332 0.300181 2.006558
-0.917873 0.324476 2.044206
-0.394448 0.429345 2.147888
-0.240347 0.236321 2.315286
-0.225088 0.046553 2.423661
-0.230888 0.006733 2.467071
-0.441845 -0.093988 2.243566
-0.492780 -0.425297 2.244041
-0.521324 -0.793298 2.311600
-0.465099 -0.836807 2.219664
-0.321633 -0.072275 2.287272
-0.258802 -0.407492 2.430961
-0.233271 -0.708474 2.603372
-0.239540 -0.778843 2.557810
-0.498616 0.477719 2.151739
-0.963244 0.348336 2.053796
-0.918325 0.293743 2.046500
-0.216588 -0.035032 2.486136
-0.229187 -0.024526 2.440750
