-0.398368 0.019170 2.513527
-0.417944 0.321473 2.447936
-0.436549 0.615467 2.370388
-0.454907 0.721980 2.336912
-0.579373 0.526699 2.425629
-0.693769 0.727587 2.597413
-0.701776 0.942173 2.736682
-0.705842 0.993826 2.725750
-0.310195 0.504957 2.378603
-0.176391 0.439087 2.532339
-0.459706 0.374054 2.436042
-0.474179 0.387134 2.369953
-0.460533 0.013662 2.484210
-0.483425 -0.366778 2.430221
-0.501254 -0.748729 2.454298
-0.510049 -0.799066 2.350421
-0.325261 0.023913 2.474849
-0.252774 -0.345294 2.535769
-0.236390 -0.694459 2.618062
-0.248729 -0.745843 2.513367
-0.432258 0.543274 2.391872
-0.716051 0.999899 2.722415
-0.711305 0.995982 2.707377
-0.530687 0.420202 2.364481
-0.437976 0.427709 2.332001
