0.242549 -0.126898 2.302134
0.405376 0.200029 2.335086
0.561576 0.510615 2.358220
0.648488 0.539465 2.309583
0.357605 0.380846 2.139135
0.340715 0.094099 2.060096
0.341931 -0.129221 2.076478
0.342948 -0.203469 2.085636
0.654085 0.321219 2.251399
0.412762 0.212768 2.079127
0.182515 0.166495 2.262099
0.106577 0.151464 2.326730
0.178452 -0.115829 2.238607
0.217058 -0.392397 2.303722
0.221775 -0.734090 2.399533
0.278878 -0.795487 2.361512
0.298523 -0.136429 2.293387
0.324139 -0.424154 2.506205
0.342193 -0.702234 2.665066
0.293559 -0.750595 2.550516
0.522465 0.433157 2.353600
0.347844 -0.214256 2.089789
0.317980 -0.199894 2.068895
0.106235 0.154111 2.318534
0.105554 0.150010 2.304391
