-0.062910 -0.078291 2.187478
-0.093849 0.217239 2.077873
-0.123568 0.502891 1.955504
-0.055653 0.624042 1.952024
-0.191619 0.344395 1.877302
-0.227989 0.087781 1.877915
-0.197865 -0.114873 1.904399
-0.196563 -0.166336 1.944838
-0.014546 0.383602 2.067178
-0.204202 0.241773 2.204316
-0.025172 0.054701 2.303842
0.010810 -0.004663 2.330282
-0.110399 -0.088613 2.114576
-0.164083 -0.428659 2.197023
-0.164160 -0.756209 2.324562
-0.120107 -0.826255 2.274606
-0.013558 -0.065468 2.190059
0.044279 -0.381853 2.353120
0.128614 -0.673906 2.463776
0.196533 -0.731934 2.480469
-0.116367 0.432988 1.988289
-0.199043 -0.252228 1.960022
-0.150722 -0.130729 1.994636
0.034297 -0.061475 2.343252
0.008333 -0.049366 2.199847
