-0.180078 -0.063033 2.371861
-0.114951 0.229767 2.276879
-0.054726 0.513602 2.166672
0.056895 0.593209 2.171168
-0.172199 0.410575 2.096458
-0.241909 0.188857 2.070695
-0.188834 -0.039404 2.090631
-0.206659 -0.097656 2.119134
0.003516 0.385368 2.315274
0.056979 0.272621 2.546242
0.141388 0.130868 2.657096
0.183233 0.070635 2.681716
-0.216015 -0.055130 2.298905
-0.298171 -0.393368 2.286612
-0.343022 -0.755797 2.360733
-0.335144 -0.826131 2.278146
-0.139304 -0.068144 2.373775
-0.136059 -0.358646 2.490565
-0.125643 -0.681598 2.588915
-0.063455 -0.756779 2.551233
-0.069357 0.444082 2.196482
-0.167520 -0.166295 2.125982
-0.256738 -0.093800 2.153697
0.197253 -0.014975 2.743734
0.201734 0.111080 2.692407
