-0.369552 -0.209923 2.404103
-0.412039 -0.016700 2.123278
-0.446240 0.176865 1.827113
-0.471870 0.241607 1.729619
-0.591477 0.183734 1.982403
-0.586385 0.017724 2.106605
-0.524057 -0.162454 2.173849
-0.487676 -0.196651 2.220075
-0.270917 0.171205 1.942553
-0.054002 0.151748 2.101823
0.093940 0.035602 2.293463
0.124217 -0.006223 2.332012
-0.453322 -0.234201 2.370933
-0.458292 -0.502174 2.410034
-0.425409 -0.821674 2.463589
-0.424304 -0.821146 2.344948
-0.281145 -0.182502 2.371084
-0.203492 -0.431636 2.465482
-0.108764 -0.736470 2.530062
-0.050248 -0.786875 2.469709
-0.438546 0.129120 1.903523
-0.477245 -0.288733 2.273489
-0.514464 -0.233822 2.190042
0.138147 -0.080699 2.383581
0.162987 0.012641 2.348100
