-0.121804 -0.051935 2.358508
-0.091398 0.256603 2.297483
-0.059875 0.556532 2.228021
0.057998 0.639919 2.287874
-0.148484 0.427031 2.124593
-0.208763 0.176760 2.075953
-0.152563 -0.019826 2.095592
-0.168887 -0.072104 2.138036
-0.015987 0.441195 2.396167
-0.036283 0.298752 2.617383
0.005769 0.131888 2.718743
0.047533 0.132968 2.813998
-0.149469 -0.049318 2.298115
-0.216493 -0.398639 2.277298
-0.282961 -0.755616 2.381025
-0.273711 -0.825718 2.297060
-0.089789 -0.052423 2.351809
-0.090092 -0.363322 2.494539
-0.137935 -0.697541 2.571613
-0.077678 -0.755774 2.533434
-0.067410 0.483070 2.247276
-0.140331 -0.140192 2.153333
-0.121290 -0.036374 2.190990
0.092106 0.049076 2.808450
0.098413 0.042953 2.789725
