-0.045649 -0.198801 2.169266
-0.036286 0.103980 2.107964
-0.024660 0.396389 2.031867
-0.037258 0.518460 2.000630
-0.145242 0.325898 2.067954
-0.194761 0.070761 2.023462
0.034686 0.008882 1.964485
0.111742 -0.016216 1.982857
0.091733 0.267232 1.960683
0.155357 0.020968 1.955803
0.121384 -0.217676 1.928253
0.093880 -0.248194 1.963398
-0.107577 -0.184029 2.158312
-0.154670 -0.413035 2.205150
-0.184068 -0.780139 2.466423
-0.214814 -0.813774 2.521930
0.017570 -0.206838 2.106946
0.062075 -0.471839 2.147043
0.154956 -0.832074 2.315515
0.122489 -0.901075 2.261287
-0.027918 0.324713 2.053218
0.167542 -0.048321 1.915915
0.141170 0.037047 1.918917
0.082399 -0.282614 1.970275
0.124333 -0.247026 1.982143
