0.057856 -0.213813 2.052472
0.050257 0.101520 2.008745
0.042491 0.406184 1.951120
0.066269 0.536293 1.924845
-0.099047 0.288743 1.936280
-0.172507 0.012795 1.980391
-0.198603 -0.226889 1.961144
-0.208585 -0.270663 1.996920
0.198040 0.289736 1.987584
0.257115 0.029778 2.071900
0.294126 -0.208231 2.068392
0.294925 -0.250735 2.089906
-0.011769 -0.212082 2.008029
-0.062985 -0.502732 2.082679
-0.096931 -0.841161 2.243953
-0.100827 -0.913896 2.181511
0.125370 -0.208058 2.024511
0.135938 -0.478931 2.097927
0.141779 -0.837750 2.317790
0.120241 -0.904071 2.258596
0.044466 0.331551 1.967840
-0.210699 -0.309396 1.996076
-0.182720 -0.263347 1.982700
0.296593 -0.288938 2.102767
0.310684 -0.251687 2.056261
