-0.531839 -0.242806 1.965567
-0.529079 0.078210 1.920784
-0.522172 0.384333 1.864044
-0.562036 0.503394 1.840623
-0.651431 0.257648 1.884358
-0.765951 0.030039 2.069683
-0.927523 -0.127637 2.131743
-0.997888 -0.141316 2.161400
-0.397456 0.251238 1.815652
-0.315567 -0.028116 1.835451
-0.308947 -0.269288 1.820651
-0.326021 -0.302441 1.858202
-0.589846 -0.237806 1.943349
-0.581781 -0.470925 2.016405
-0.493860 -0.861255 2.174703
-0.542977 -0.922366 2.150577
-0.454168 -0.239033 1.918129
-0.406084 -0.542391 1.945743
-0.314210 -0.871491 2.117456
-0.386845 -0.928964 2.080568
-0.524390 0.309688 1.880483
-1.044528 -0.179544 2.194802
-0.956664 -0.160204 2.169111
-0.329879 -0.329189 1.863910
-0.342162 -0.303728 1.833692
