-0.211972 -0.196258 2.113155
-0.217363 0.115285 2.063758
-0.221020 0.416546 2.001346
-0.196312 0.543406 1.974050
-0.356744 0.300676 1.984987
-0.420092 0.029252 2.025707
-0.421558 -0.211492 2.003023
-0.414751 -0.257097 2.029929
-0.061826 0.309408 2.057076
-0.014702 0.044376 2.131054
0.012769 -0.194822 2.129636
0.005500 -0.222498 2.148691
-0.274922 -0.195325 2.063406
-0.291007 -0.491470 2.152005
-0.293905 -0.829389 2.265267
-0.294878 -0.904350 2.215139
-0.141793 -0.190477 2.090834
-0.143318 -0.492318 2.191154
-0.147701 -0.827573 2.314431
-0.135095 -0.899805 2.252100
-0.220381 0.342720 2.019204
-0.412953 -0.296520 2.035609
-0.439624 -0.257396 2.013909
0.009405 -0.260474 2.149713
-0.023750 -0.202984 2.122698
