-0.173185 -0.270369 2.006730
-0.104463 0.057083 1.937999
-0.036950 0.373774 1.854648
0.031736 0.497005 1.887905
-0.136455 0.227872 1.791061
-0.089611 -0.037974 1.778745
0.044067 -0.220374 1.849461
0.075191 -0.274273 1.874530
0.075741 0.248706 1.957989
0.059825 -0.051853 1.936898
0.105996 -0.348133 1.896276
0.101302 -0.425564 1.889741
-0.224499 -0.256952 1.933360
-0.188811 -0.557692 1.979205
-0.238803 -0.884055 2.068453
-0.176569 -0.935827 2.068110
-0.115717 -0.273873 2.007859
-0.229198 -0.519855 2.165192
-0.310052 -0.782241 2.349966
-0.239958 -0.834262 2.368364
-0.053655 0.296210 1.877876
0.088499 -0.340044 1.880719
0.046520 -0.275885 1.887429
0.108482 -0.476476 1.880215
0.114075 -0.456024 1.879600
