-0.209794 -0.192116 2.186745
-0.190515 0.159741 2.219802
-0.174318 0.497665 2.238236
-0.156423 0.635174 2.318903
-0.215652 0.350733 2.133544
-0.073642 0.093010 2.103878
-0.165679 -0.122566 2.036227
-0.165656 -0.175445 2.048994
-0.061733 0.373153 2.341758
-0.078754 0.115792 2.123550
-0.027121 -0.120772 2.196748
-0.022197 -0.177575 2.240670
-0.247883 -0.185982 2.155177
-0.208935 -0.513280 2.092761
-0.311012 -0.876956 2.105820
-0.261540 -0.924617 2.090059
-0.165143 -0.192087 2.146084
-0.274637 -0.451871 2.289793
-0.231811 -0.886802 2.496474
-0.177958 -0.861187 2.520024
-0.178451 0.414879 2.235821
-0.162913 -0.235994 2.034454
-0.112808 -0.154970 2.085750
-0.006558 -0.235575 2.294513
-0.073672 -0.166701 2.182775
