-0.090091 -0.214710 2.060939
-0.093458 0.095302 2.022649
-0.095843 0.394941 1.971059
-0.089783 0.522170 1.921790
-0.253012 0.293558 1.982606
-0.302164 0.020385 2.060149
-0.325432 -0.213619 2.065801
-0.303654 -0.285397 2.068886
0.061745 0.282824 1.953280
0.118266 0.023205 2.005667
0.142545 -0.211365 1.982833
0.131970 -0.220895 1.989418
-0.159663 -0.210071 2.033367
-0.165118 -0.468590 2.101088
-0.146674 -0.829410 2.267469
-0.172970 -0.900505 2.221573
-0.017292 -0.211893 2.017249
0.023581 -0.491581 2.087955
0.064404 -0.856725 2.265262
0.077471 -0.918406 2.194068
-0.095394 0.321511 1.986219
-0.299956 -0.364271 2.052366
-0.270009 -0.277138 2.027000
0.137721 -0.291187 2.003766
0.087507 -0.217978 1.979786
