0.253845 -0.225423 2.071094
0.240942 0.097314 2.016314
0.230001 0.409210 1.949035
0.280054 0.520767 1.920480
0.133611 0.267055 1.893054
0.127337 0.009987 1.877121
0.220927 -0.206990 1.869739
0.247314 -0.238316 1.900013
0.376687 0.287633 2.014827
0.448525 0.039872 2.188627
0.526488 -0.180976 2.201301
0.545899 -0.206070 2.200824
0.190027 -0.222361 2.009633
0.115043 -0.482063 2.046823
-0.040278 -0.837844 2.223521
-0.065950 -0.906445 2.163862
0.306170 -0.224630 2.066342
0.300746 -0.541528 2.180663
0.257654 -0.847048 2.286582
0.316869 -0.905821 2.261075
0.232754 0.332723 1.968095
0.278077 -0.295128 1.912827
0.193365 -0.226475 1.857833
0.560805 -0.227100 2.194141
0.560882 -0.185992 2.174000
