0.079031 -0.170671 2.259221
0.097853 0.154810 2.188707
0.117709 0.471385 2.105625
0.165765 0.604644 2.134736
0.066005 0.316127 2.043236
0.139708 0.016860 2.013741
0.248791 -0.184296 2.057693
0.268266 -0.258283 2.097458
0.193118 0.324312 2.057349
0.184743 0.043915 2.017213
0.027857 -0.055290 2.151102
-0.031617 -0.095467 2.166584
0.012836 -0.173930 2.186628
-0.022892 -0.393543 2.281490
0.052539 -0.784149 2.472522
0.121812 -0.843936 2.469727
0.143041 -0.161760 2.260215
0.106297 -0.490012 2.347903
0.070771 -0.783120 2.481894
0.079150 -0.826706 2.376819
0.112777 0.393652 2.128581
0.280510 -0.318606 2.126880
0.241664 -0.277676 2.081857
-0.089822 -0.133585 2.223688
0.005560 -0.149231 2.128850
