-0.029942 -0.212542 2.133251
-0.038382 0.101924 2.062349
-0.046633 0.406387 1.978011
-0.020299 0.524451 1.948118
-0.172327 0.278416 1.945203
-0.245619 0.010433 1.987670
-0.250424 -0.230740 1.973499
-0.256206 -0.242162 1.983961
0.102978 0.303837 2.057762
0.137626 0.032214 2.178127
0.169134 -0.201677 2.214306
0.156873 -0.245112 2.223366
-0.092133 -0.215011 2.078600
-0.161215 -0.492611 2.120507
-0.214131 -0.831421 2.266513
-0.220483 -0.905390 2.210186
0.033126 -0.202848 2.115500
0.104431 -0.475964 2.213316
0.155168 -0.811356 2.380648
0.216549 -0.871081 2.375466
-0.044617 0.331762 2.001395
-0.256875 -0.310430 1.987700
-0.217911 -0.213811 1.986667
0.156819 -0.295040 2.194147
0.167894 -0.250430 2.221308
