0.484098 -0.218585 2.088006
0.505021 0.117128 2.019876
0.525500 0.441693 1.940339
0.565769 0.577574 1.950745
0.469329 0.274907 1.872136
0.417941 -0.020859 1.847439
0.484952 -0.249497 1.866897
0.501332 -0.282612 1.907664
0.625833 0.313031 2.025858
0.737994 0.064525 2.188211
0.934617 -0.063071 2.214090
0.967207 -0.073356 2.185169
0.426954 -0.206650 2.030227
0.420834 -0.487846 2.175995
0.422385 -0.825739 2.108366
0.453437 -0.876191 2.151021
0.525227 -0.223705 2.074899
0.494287 -0.516952 2.092716
0.568860 -0.850072 2.366536
0.620482 -0.859673 2.417979
0.520714 0.361871 1.962200
0.530218 -0.340882 1.924304
0.533589 -0.276127 1.874469
0.994161 -0.100433 2.162572
0.967927 -0.062359 2.111286
