0.513359 -0.138024 2.307030
0.560681 0.128423 2.258526
0.595300 0.390204 2.201372
0.660675 0.471035 2.212080
0.484437 0.279269 2.134127
0.488013 0.017194 2.115751
0.549593 -0.190522 2.112288
0.578798 -0.209925 2.125649
0.674056 0.294130 2.320561
0.585852 0.474585 2.111712
0.705377 0.206034 2.078673
0.682583 0.169384 2.148568
0.473130 -0.121466 2.237917
0.499794 -0.506522 2.304416
0.466189 -0.848510 2.401138
0.513014 -0.887006 2.398378
0.539304 -0.150232 2.318145
0.451066 -0.514379 2.461691
0.420342 -0.836565 2.540986
0.514361 -0.852710 2.520519
0.588294 0.325701 2.217243
0.615006 -0.247829 2.123312
0.606990 -0.212755 2.098536
0.666511 0.166570 2.143300
0.670333 0.153827 2.112700
