0.097181 -0.176480 2.203125
0.096545 0.078680 2.148077
0.095339 0.327460 2.081494
0.113929 0.412831 2.040272
-0.046391 0.244082 2.096394
-0.096206 0.028103 2.131198
-0.086197 -0.186965 2.093972
-0.079085 -0.198481 2.096666
0.246331 0.224504 2.106214
0.281356 0.001950 2.158352
0.291148 -0.214049 2.133082
0.277731 -0.225145 2.129221
0.036084 -0.174883 2.171695
0.053362 -0.567761 2.317167
0.067752 -0.825497 2.447883
0.063479 -0.859213 2.326363
0.155575 -0.173194 2.172863
0.122305 -0.525342 2.227583
0.079940 -0.878226 2.240425
0.061230 -0.931032 2.163699
0.095738 0.266204 2.100182
-0.069494 -0.267582 2.105537
-0.118262 -0.181532 2.065938
0.269467 -0.292880 2.136752
0.237273 -0.230791 2.117143
