0.140665 -0.270718 1.761176
0.118177 -0.004075 1.721024
0.096553 0.254809 1.668787
0.148005 0.367687 1.639074
-0.012136 0.147174 1.629829
-0.070742 -0.074065 1.624338
-0.021187 -0.267292 1.578799
-0.008806 -0.276943 1.582265
0.242585 0.159855 1.778579
0.287596 -0.071616 1.852255
0.306582 -0.261876 1.777047
0.295248 -0.250750 1.778062
0.081110 -0.266544 1.702093
0.009049 -0.571550 1.775591
-0.000924 -0.938097 1.947972
0.043009 -1.002767 1.928352
0.195332 -0.265069 1.759341
0.163722 -0.613686 1.905433
0.137276 -0.929608 2.001444
0.145879 -1.002228 1.948644
0.101947 0.191269 1.683903
0.018633 -0.342544 1.588602
0.017725 -0.249864 1.588188
0.285883 -0.311481 1.760437
0.334196 -0.234171 1.789953
