-0.056253 -0.291655 1.753024
-0.065237 -0.022634 1.726497
-0.072716 0.237743 1.685688
-0.051735 0.345757 1.626939
-0.202925 0.156060 1.659843
-0.289425 -0.012510 1.629786
-0.174612 0.098221 1.545571
-0.031994 0.142898 1.479782
0.079335 0.155954 1.727405
0.185146 0.040849 1.640629
0.134481 0.183367 1.560098
0.126140 0.216226 1.551951
-0.120813 -0.286875 1.712468
-0.153894 -0.561797 1.800157
-0.130921 -0.913650 1.957725
-0.120396 -0.965906 1.921103
0.010254 -0.286226 1.732108
0.047274 -0.570738 1.823727
0.054776 -0.913352 1.971243
0.058371 -0.969887 1.932918
-0.071015 0.173852 1.698077
0.010118 0.164289 1.471483
-0.014627 0.105920 1.516072
0.102149 0.254988 1.521976
0.084601 0.230776 1.553187
