-0.352454 -0.267290 1.844958
-0.355855 0.001075 1.779130
-0.356324 0.261755 1.702008
-0.387493 0.379711 1.679012
-0.515449 0.158825 1.795123
-0.553407 -0.043764 1.869357
-0.583147 -0.218356 1.854658
-0.580471 -0.287136 1.846051
-0.228052 0.152575 1.686253
-0.167133 -0.062166 1.711404
-0.145879 -0.269573 1.679210
-0.137874 -0.318184 1.688342
-0.408293 -0.265387 1.831891
-0.429536 -0.541778 1.937182
-0.442031 -0.887438 2.033924
-0.470366 -0.949201 2.009556
-0.284468 -0.260591 1.797933
-0.134778 -0.560389 1.907545
-0.013903 -0.889330 2.080727
0.005780 -0.943186 2.048121
-0.356684 0.197728 1.723248
-0.568459 -0.352904 1.850469
-0.606048 -0.258257 1.838125
-0.139030 -0.384923 1.686154
-0.165107 -0.311124 1.693000
