-0.046190 -0.244904 2.006068
-0.027801 0.015395 1.920124
-0.005997 0.270676 1.825565
-0.046627 0.387392 1.773659
-0.161928 0.194120 1.918269
-0.207828 -0.040698 1.995629
-0.267015 -0.237422 1.999140
-0.270022 -0.257546 2.009866
0.126728 0.189027 1.827839
0.183141 -0.056694 1.852712
0.181900 -0.263034 1.844995
0.172381 -0.323970 1.844573
-0.107145 -0.231652 1.988524
-0.166494 -0.533705 2.035574
-0.196154 -0.874913 2.087817
-0.188008 -0.946498 2.009530
0.016429 -0.249528 1.958532
0.063977 -0.501512 2.055331
0.061442 -0.844423 2.210093
0.045113 -0.921498 2.152966
-0.012038 0.207980 1.851794
-0.273654 -0.289251 2.004915
-0.242266 -0.257351 1.995667
0.169762 -0.374675 1.860112
0.181972 -0.345724 1.821722
