-0.527171 -0.199350 2.095291
-0.526943 0.072046 2.019457
-0.527417 0.337735 1.930802
-0.585654 0.442993 1.917791
-0.655540 0.255886 2.053466
-0.715666 0.014284 2.122166
-0.742575 -0.186233 2.149191
-0.752697 -0.253025 2.161623
-0.445175 0.201689 1.888157
-0.572725 -0.029235 1.893066
-0.756019 -0.122256 1.972865
-0.831425 -0.138139 2.001808
-0.571908 -0.195148 2.070798
-0.591884 -0.439322 2.210374
-0.531313 -0.854552 2.273640
-0.556472 -0.910661 2.261501
-0.466408 -0.197158 2.054622
-0.471955 -0.509835 2.057380
-0.423308 -0.869033 2.156538
-0.474854 -0.922852 2.125000
-0.527566 0.272537 1.955011
-0.752370 -0.261938 2.162370
-0.742157 -0.245550 2.134461
-0.884952 -0.181179 2.032474
-0.856774 -0.099635 1.967900
