-0.166357 -0.246008 2.048995
-0.177919 0.030058 1.993289
-0.185675 0.297944 1.926327
-0.145750 0.421617 1.887686
-0.316369 0.189327 1.895281
-0.369551 -0.034396 1.909934
-0.339720 -0.236829 1.869853
-0.333095 -0.268871 1.871715
-0.032306 0.201127 1.990302
-0.002217 -0.037956 2.043152
0.024405 -0.242360 2.023743
0.021823 -0.279646 2.040381
-0.223874 -0.242967 1.999053
-0.271624 -0.527275 1.998611
-0.331061 -0.858790 2.191031
-0.293001 -0.917803 2.152152
-0.102742 -0.241182 2.033006
-0.131367 -0.512960 2.151270
-0.163707 -0.831488 2.250936
-0.169324 -0.909033 2.206915
-0.184203 0.232124 1.945243
-0.325198 -0.311942 1.874225
-0.361533 -0.288321 1.866500
0.024082 -0.331761 2.030113
-0.002537 -0.289701 2.033346
