-0.342534 -0.010582 2.623237
-0.314940 0.269476 2.607278
-0.288541 0.542159 2.579048
-0.275400 0.670321 2.608735
-0.425392 0.464192 2.601534
-0.549216 0.658197 2.735317
-0.669339 0.877862 2.793420
-0.676416 0.892071 2.811713
-0.211733 0.414158 2.591243
-0.379311 0.298414 2.611865
-0.485791 0.543215 2.672101
-0.554775 0.666110 2.728317
-0.403254 -0.002150 2.590697
-0.435198 -0.294628 2.441666
-0.446743 -0.629224 2.308694
-0.445617 -0.672509 2.204479
-0.273546 -0.018242 2.591135
-0.262359 -0.355997 2.639062
-0.280926 -0.713907 2.654271
-0.282091 -0.773014 2.587483
-0.295228 0.475769 2.588800
-0.694876 0.885823 2.786277
-0.650657 0.892350 2.806500
-0.602638 0.716266 2.757892
-0.568987 0.633127 2.715500
