0.154914 -0.134838 2.155505
0.190313 0.151586 2.083516
0.223163 0.429177 1.999046
0.156896 0.543002 1.972115
0.076519 0.306373 2.095823
0.030710 0.061212 2.169667
0.017904 -0.141431 2.225125
0.000168 -0.181038 2.244436
0.300233 0.285517 1.931946
0.343141 0.031051 1.920336
0.310056 -0.180560 1.926754
0.273220 -0.261612 1.963704
0.100323 -0.125271 2.152101
0.033490 -0.469573 2.243275
-0.070887 -0.805739 2.346503
-0.131906 -0.865396 2.284626
0.204224 -0.140074 2.088842
0.275015 -0.455815 2.162983
0.279693 -0.824813 2.307840
0.275131 -0.910370 2.224797
0.215349 0.361107 2.022338
-0.017601 -0.253827 2.273547
-0.014590 -0.154888 2.240462
0.269654 -0.341242 1.956117
0.226926 -0.230255 1.992758
