-0.274183 -0.180644 1.958786
-0.273895 0.122576 1.914153
-0.271285 0.412903 1.855492
-0.339343 0.529776 1.844654
-0.378326 0.280672 1.950529
-0.420706 0.023603 2.025997
-0.371497 -0.179757 2.140286
-0.382757 -0.242978 2.181237
-0.212084 0.279186 1.796152
-0.245446 -0.011775 1.754107
-0.315116 -0.232939 1.774963
-0.336442 -0.309559 1.800016
-0.318700 -0.195404 1.936298
-0.278390 -0.562274 2.039729
-0.135607 -0.838574 2.314989
-0.222639 -0.894790 2.282621
-0.220757 -0.160764 1.911962
-0.301683 -0.459609 1.937610
-0.353324 -0.865669 2.040597
-0.432902 -0.938595 1.984619
-0.272286 0.341854 1.872298
-0.386366 -0.276606 2.181283
-0.378553 -0.223804 2.160293
-0.365391 -0.384590 1.810915
-0.299896 -0.308448 1.819067
