-0.286080 -0.140429 2.167179
-0.292011 0.139268 2.090397
-0.295533 0.410138 2.001341
-0.230657 0.510868 1.931705
-0.407435 0.301987 1.969296
-0.465212 0.057059 1.998852
-0.453220 -0.155349 2.013094
-0.433302 -0.228264 2.034936
-0.144390 0.306903 2.103523
-0.081534 0.092126 2.262034
0.002735 -0.100372 2.291741
0.008401 -0.167159 2.321443
-0.339989 -0.141097 2.110574
-0.407297 -0.469883 2.203194
-0.437091 -0.820021 2.299141
-0.406718 -0.896814 2.229311
-0.222754 -0.135309 2.154409
-0.213927 -0.464349 2.266851
-0.192523 -0.799060 2.359027
-0.099410 -0.871339 2.315041
-0.295048 0.343732 2.025769
-0.430809 -0.305675 2.059205
-0.392667 -0.201346 2.031485
0.014213 -0.271954 2.300193
0.019143 -0.179229 2.318316
