-0.243266 -0.141849 2.149406
-0.259192 0.138461 2.080916
-0.273181 0.409700 2.000031
-0.215289 0.510551 1.929243
-0.368932 0.299148 1.957965
-0.424137 0.043926 1.972431
-0.412381 -0.168544 1.985854
-0.401054 -0.247404 2.008943
-0.136713 0.320339 2.118330
-0.092675 0.129241 2.307808
-0.029733 -0.075239 2.283299
-0.029574 -0.115978 2.273657
-0.294389 -0.142977 2.086046
-0.377210 -0.470178 2.150866
-0.474035 -0.829992 2.255768
-0.429500 -0.903647 2.200390
-0.184525 -0.136206 2.143374
-0.219658 -0.451693 2.269689
-0.241904 -0.806379 2.367913
-0.166340 -0.869454 2.368652
-0.270031 0.343223 2.022420
-0.406273 -0.323666 2.029885
-0.350628 -0.249259 2.004214
-0.016635 -0.221947 2.237221
-0.033448 -0.121152 2.236500
