-0.371898 -0.158227 2.115673
-0.382239 0.118626 2.025484
-0.389424 0.387310 1.922100
-0.371742 0.487000 1.845378
-0.527344 0.274170 1.926282
-0.568868 0.028292 1.972366
-0.550823 -0.184777 1.974051
-0.542079 -0.253798 1.999946
-0.242991 0.294755 2.008312
-0.157908 0.069466 2.110885
-0.093489 -0.133813 2.121067
-0.086444 -0.189777 2.137685
-0.429213 -0.158774 2.064718
-0.479217 -0.469443 2.159149
-0.482980 -0.819145 2.270442
-0.446054 -0.897487 2.209021
-0.302587 -0.152594 2.097858
-0.282800 -0.480110 2.239465
-0.266660 -0.796475 2.358943
-0.163781 -0.847833 2.365898
-0.388181 0.321395 1.950182
-0.545793 -0.323719 2.003540
-0.491637 -0.246815 1.991632
-0.089626 -0.274054 2.130284
-0.106810 -0.198402 2.117857
