-0.289905 -0.163669 2.140888
-0.310391 0.112517 2.040337
-0.328364 0.378247 1.925416
-0.273927 0.479733 1.841054
-0.440119 0.277115 1.901641
-0.480493 0.036024 1.947541
-0.457579 -0.182258 1.977385
-0.432922 -0.255375 2.000633
-0.171601 0.300574 2.028839
-0.075343 0.135489 2.220239
0.015199 -0.042722 2.307552
0.035702 -0.099490 2.340351
-0.346268 -0.168559 2.085471
-0.372331 -0.471835 2.175177
-0.346192 -0.826418 2.283888
-0.303889 -0.909792 2.198047
-0.223897 -0.154231 2.126542
-0.197734 -0.468428 2.252140
-0.154464 -0.794484 2.377194
-0.063379 -0.860645 2.312782
-0.324071 0.313172 1.956088
-0.425513 -0.328113 2.025354
-0.461914 -0.263236 1.983344
0.046353 -0.187631 2.340659
0.009050 -0.080491 2.314667
