-0.506527 -0.074191 2.257928
-0.539465 0.203763 2.191451
-0.567203 0.474776 2.117085
-0.637074 0.584017 2.089979
-0.692888 0.367991 2.224133
-0.488185 0.159360 2.299494
-0.709981 -0.005215 2.175800
-0.805991 -0.087100 2.110155
-0.479999 0.327137 2.051605
-0.468884 0.060705 2.002859
-0.681917 -0.025489 2.044765
-0.732145 -0.033517 2.047363
-0.542442 -0.080991 2.252693
-0.510324 -0.492921 2.365125
-0.500462 -0.780076 2.417785
-0.583179 -0.853012 2.384584
-0.455313 -0.063841 2.195796
-0.381948 -0.460080 2.184901
-0.257955 -0.825383 2.278746
-0.265649 -0.897774 2.196308
-0.561276 0.408436 2.137478
-0.821946 -0.075975 2.092839
-0.791889 -0.090247 2.095250
-0.807650 -0.057711 2.070728
-0.703444 -0.068990 2.051235
