-0.310175 -0.121592 2.152622
-0.346331 0.165783 2.091578
-0.380628 0.444862 2.018377
-0.402858 0.579416 2.010077
-0.481079 0.300100 1.970057
-0.514347 0.061549 1.983232
-0.480955 -0.158061 1.985459
-0.464565 -0.232155 2.006753
-0.199740 0.375879 2.092459
-0.001273 0.473493 2.047450
-0.187914 0.552730 1.949236
-0.232588 0.577945 1.931891
-0.367534 -0.127994 2.089809
-0.432533 -0.452992 2.164489
-0.462896 -0.818989 2.268858
-0.415335 -0.902409 2.210097
-0.242369 -0.110782 2.147285
-0.240106 -0.459245 2.271469
-0.219707 -0.811090 2.373793
-0.172836 -0.883439 2.307136
-0.372481 0.376452 2.038881
-0.457894 -0.303871 2.021891
-0.495136 -0.240403 1.987197
-0.318547 0.576712 1.923855
-0.235888 0.603877 1.856941
