-0.572240 -0.113667 2.114517
-0.585705 0.190845 2.070689
-0.595799 0.485554 2.014903
-0.655644 0.608006 1.996852
-0.737839 0.358188 2.085739
-0.788533 0.076799 2.168527
-0.934325 -0.135806 2.134915
-0.977076 -0.134569 2.112387
-0.527303 0.351726 1.955727
-0.684523 0.093996 1.938823
-0.809833 -0.065030 2.029247
-0.890023 -0.108324 2.078639
-0.614341 -0.116480 2.125637
-0.487867 -0.444293 2.289098
-0.498654 -0.813974 2.412291
-0.544622 -0.863229 2.310966
-0.512237 -0.106667 2.035475
-0.560027 -0.452853 2.135844
-0.565847 -0.840512 2.204129
-0.648173 -0.905330 2.175046
-0.593910 0.413289 2.030924
-1.029827 -0.182229 2.153437
-1.000308 -0.084352 2.162667
-0.946387 -0.157209 2.102901
-0.921202 -0.089331 2.072278
