0.567927 -0.141432 2.193040
0.623076 0.165764 2.104733
0.673317 0.463433 2.004551
0.712184 0.587815 1.979256
0.610068 0.315485 1.946830
0.625642 0.012883 1.913358
0.672204 -0.199980 1.936559
0.666021 -0.237033 1.976132
0.792478 0.283324 2.136393
0.996484 0.270450 2.299697
1.201150 0.323496 2.244015
1.238734 0.356922 2.211668
0.513920 -0.122553 2.136692
0.624940 -0.462338 2.136589
0.607074 -0.851391 2.214827
0.680769 -0.920717 2.172272
0.604493 -0.156044 2.182357
0.574200 -0.472774 2.321346
0.569414 -0.845239 2.427405
0.666652 -0.892463 2.373305
0.661710 0.390402 2.031434
0.694372 -0.315869 2.003742
0.624701 -0.213135 1.991959
1.276706 0.350650 2.174654
1.209490 0.377661 2.195429
