-0.464171 -0.121919 2.258995
-0.442622 0.192642 2.202976
-0.418339 0.497376 2.136095
-0.387132 0.607352 2.101492
-0.575195 0.385727 2.159160
-0.738332 0.545905 2.258715
-0.858224 0.774359 2.378292
-0.911988 0.853711 2.425861
-0.295170 0.346240 2.178806
-0.222269 0.267393 2.379111
-0.260992 0.150610 2.550633
-0.266755 0.157267 2.588329
-0.525167 -0.113085 2.214561
-0.542568 -0.479980 2.261816
-0.503715 -0.847456 2.186044
-0.481003 -0.919031 2.184675
-0.389119 -0.126986 2.235379
-0.428121 -0.503013 2.324511
-0.420250 -0.834314 2.486249
-0.468273 -0.855804 2.349873
-0.424851 0.422637 2.154840
-0.946619 0.904183 2.448841
-0.935173 0.879279 2.454125
-0.297147 0.158114 2.639773
-0.273188 0.135204 2.566160
