-0.119198 -0.048041 2.331958
-0.103157 0.217536 2.281747
-0.086932 0.474794 2.219690
-0.124877 0.569283 2.185762
-0.249680 0.351822 2.281503
-0.287569 0.116651 2.340011
-0.303270 -0.088868 2.336369
-0.314934 -0.154026 2.333024
0.020850 0.349021 2.180439
0.076491 0.109922 2.201103
0.062953 -0.110034 2.190321
0.043327 -0.181253 2.189300
-0.175396 -0.045818 2.313260
-0.170284 -0.456552 2.400572
-0.156369 -0.788140 2.475191
-0.185839 -0.861026 2.394688
-0.059537 -0.048763 2.281557
0.005006 -0.453102 2.356882
0.052259 -0.737610 2.571905
0.134316 -0.814202 2.570436
-0.091035 0.411691 2.237341
-0.321318 -0.221810 2.351958
-0.347009 -0.136854 2.328909
0.046428 -0.250401 2.193544
0.069999 -0.228552 2.184200
