-0.190923 -0.053010 2.295720
-0.172209 0.211107 2.230601
-0.153033 0.466849 2.152837
-0.197902 0.556294 2.116207
-0.309327 0.349112 2.230992
-0.337169 0.117563 2.311396
-0.329725 -0.086811 2.329276
-0.339049 -0.155595 2.335119
-0.048628 0.343410 2.114408
0.013694 0.097213 2.131763
-0.000115 -0.124431 2.129808
-0.018955 -0.191701 2.134661
-0.244484 -0.049534 2.279737
-0.211994 -0.491641 2.383698
-0.165245 -0.826211 2.451651
-0.208552 -0.877863 2.371449
-0.131654 -0.055018 2.242833
-0.100272 -0.512057 2.236442
-0.061420 -0.842118 2.305058
-0.110910 -0.905800 2.263308
-0.157955 0.404144 2.174478
-0.339301 -0.216793 2.353781
-0.367323 -0.150045 2.332889
-0.022501 -0.259878 2.148786
0.005679 -0.219897 2.130750
