-0.454242 -0.139150 1.941502
-0.470129 0.124509 1.887435
-0.482556 0.379576 1.821456
-0.463178 0.486165 1.797229
-0.607819 0.264010 1.795236
-0.658361 0.002067 1.827739
-0.644532 -0.207563 1.819960
-0.646984 -0.281655 1.813759
-0.316593 0.265415 1.861124
-0.269989 0.033973 1.928450
-0.248488 -0.199037 1.939007
-0.257268 -0.238652 1.944697
-0.505030 -0.141451 1.898255
-0.554377 -0.541965 2.024546
-0.554007 -0.865956 2.122902
-0.515392 -0.937213 2.041680
-0.388341 -0.132093 1.917837
-0.333097 -0.536096 2.030793
-0.288771 -0.879306 2.127317
-0.289921 -0.944342 2.038091
-0.480069 0.317085 1.840035
-0.641146 -0.346778 1.817634
-0.679423 -0.271476 1.803000
-0.247585 -0.298019 1.947608
-0.227696 -0.237438 1.935077
