-0.415501 -0.079691 2.114320
-0.431947 0.208137 2.084347
-0.446928 0.485502 2.042522
-0.481366 0.580173 2.045868
-0.566429 0.373837 2.138963
-0.709738 0.165816 1.995520
-0.773217 0.058460 2.234684
-0.844533 0.029132 2.304442
-0.374825 0.355876 1.969452
-0.595273 0.180656 1.927489
-0.780444 0.134584 1.991547
-0.831622 0.135663 2.027059
-0.462617 -0.099167 2.074682
-0.387756 -0.533547 2.197566
-0.342233 -0.824661 2.419021
-0.373278 -0.896182 2.391862
-0.356991 -0.067892 2.086331
-0.438599 -0.441498 2.110256
-0.448393 -0.848845 2.206172
-0.535550 -0.902692 2.190241
-0.443449 0.417649 2.055074
-0.881077 -0.005057 2.321056
-0.876046 0.042399 2.271056
-0.907695 0.138357 2.082293
-0.796072 0.108946 2.020636
