-0.034862 -0.135090 2.120984
-0.071486 0.153313 2.041804
-0.106570 0.432596 1.950581
-0.058675 0.544335 1.927105
-0.184942 0.299739 1.891298
-0.198484 0.006473 1.861738
-0.146175 -0.199866 1.875168
-0.129975 -0.256148 1.922193
0.010877 0.310896 2.064458
0.063423 0.129141 2.173848
-0.037595 -0.115955 2.046329
-0.048254 -0.155349 2.011910
-0.085216 -0.143286 2.052222
-0.166617 -0.483896 2.104481
-0.212051 -0.844012 2.189541
-0.162218 -0.924112 2.127007
0.016611 -0.122103 2.119817
-0.003089 -0.459847 2.272425
0.022197 -0.803639 2.400769
0.094257 -0.871342 2.348089
-0.098037 0.364159 1.975525
-0.117291 -0.335440 1.935336
-0.183547 -0.243967 1.968680
-0.083924 -0.242615 1.990515
-0.067414 -0.093595 1.927790
