-0.463532 -0.163330 2.035236
-0.467088 0.131661 1.989974
-0.467306 0.415440 1.927759
-0.540194 0.525279 1.908199
-0.603004 0.263167 2.024037
-0.634841 -0.002808 2.122298
-0.800382 -0.196397 2.136325
-0.807181 -0.212636 2.154507
-0.388614 0.277643 1.862178
-0.365444 -0.014491 1.824274
-0.452912 -0.224479 1.826474
-0.472517 -0.277684 1.854488
-0.509690 -0.164817 2.017183
-0.405611 -0.461767 2.243643
-0.293240 -0.805244 2.446116
-0.374273 -0.859034 2.423335
-0.401467 -0.158037 1.984432
-0.470080 -0.460478 1.992308
-0.526708 -0.857605 2.057617
-0.611036 -0.925494 2.015082
-0.467423 0.345844 1.945837
-0.821259 -0.213297 2.165581
-0.819152 -0.204012 2.160000
-0.518821 -0.342914 1.861386
-0.516003 -0.286459 1.796943
