-0.612337 -0.162497 2.042588
-0.612242 0.129421 1.992893
-0.607609 0.411805 1.931568
-0.663961 0.532108 1.893408
-0.761639 0.283397 1.996024
-0.785222 0.023794 2.050940
-0.741762 -0.184346 2.012090
-0.702161 -0.222857 2.010407
-0.484859 0.282039 1.889856
-0.387649 0.017123 1.894592
-0.367967 -0.195682 1.897215
-0.382183 -0.244032 1.907868
-0.662962 -0.162910 2.031860
-0.610269 -0.542550 2.149986
-0.583238 -0.841419 2.229747
-0.641845 -0.919017 2.164765
-0.540914 -0.156702 1.987894
-0.446008 -0.540995 1.998408
-0.391622 -0.880377 2.064108
-0.405273 -0.955566 1.974609
-0.609506 0.342575 1.948941
-0.678496 -0.291365 1.993074
-0.654990 -0.209404 1.988963
-0.371506 -0.318275 1.912759
-0.333772 -0.244016 1.891593
