0.542238 -0.106320 2.306647
0.640266 0.194281 2.215444
0.726107 0.487546 2.120658
0.771915 0.604601 2.090641
0.633102 0.346492 2.050395
0.799509 0.109469 2.047553
0.959626 -0.006831 2.107073
1.021720 -0.028869 2.151453
0.825580 0.378731 2.253382
0.880424 0.108314 2.330552
1.063678 -0.077163 2.341441
1.112927 -0.107691 2.363044
0.493850 -0.095180 2.223852
0.553943 -0.450618 2.196512
0.534136 -0.856722 2.211767
0.604482 -0.920213 2.192069
0.573721 -0.111003 2.322218
0.537693 -0.518700 2.212173
0.521915 -0.768875 2.541344
0.578666 -0.821473 2.423492
0.706157 0.415468 2.144481
1.098897 -0.071208 2.188432
1.047862 -0.020342 2.151889
1.147543 -0.179846 2.395515
1.108347 -0.164904 2.339875
