0.666767 -0.099347 2.327808
0.721091 0.223094 2.264247
0.772099 0.532971 2.191062
0.831033 0.679091 2.193367
0.692154 0.389167 2.121728
0.806747 0.135062 2.125466
0.992164 0.037926 2.215456
1.017121 0.028235 2.225617
0.882172 0.432677 2.274368
0.831677 0.122505 2.176177
1.051822 0.036561 2.284174
1.078722 -0.014023 2.245107
0.610915 -0.085506 2.257499
0.596102 -0.459943 2.349775
0.551961 -0.762229 2.418916
0.625319 -0.809470 2.403369
0.703388 -0.110430 2.329974
0.559239 -0.413447 2.535573
0.522724 -0.693653 2.614527
0.615273 -0.721999 2.562250
0.759936 0.456999 2.211135
1.065528 -0.010378 2.234322
0.971117 0.017975 2.288750
1.136073 -0.039077 2.247758
1.053723 -0.022158 2.229500
