-0.103437 -0.143148 2.173830
-0.113813 0.164468 2.125317
-0.124036 0.461788 2.064236
-0.110706 0.599538 1.998371
-0.276573 0.350532 2.086817
-0.324909 0.074952 2.130830
-0.327368 -0.161766 2.134762
-0.314517 -0.174384 2.132326
0.049877 0.348380 2.060013
0.098256 0.081885 2.112695
0.117223 -0.154598 2.107701
0.095380 -0.150645 2.118865
-0.173328 -0.139141 2.143020
-0.155076 -0.439691 2.267724
-0.126811 -0.757152 2.377765
-0.153262 -0.833177 2.308387
-0.030344 -0.142421 2.132808
0.035667 -0.474581 2.204508
0.123177 -0.783164 2.289476
0.105205 -0.859258 2.220033
-0.121626 0.388943 2.081718
-0.298919 -0.248034 2.122524
-0.265005 -0.171178 2.088232
0.107068 -0.229340 2.132952
0.133463 -0.139333 2.112072
