-0.255998 -0.060136 2.497271
-0.257823 0.245764 2.387455
-0.258568 0.542641 2.265551
-0.227301 0.674727 2.238739
-0.401688 0.409156 2.308103
-0.542954 0.365531 2.472454
-0.642676 0.299161 2.662114
-0.640577 0.303653 2.714814
-0.101705 0.418052 2.300316
-0.304418 0.169838 2.237754
-0.484677 0.062224 2.331887
-0.438904 0.073863 2.423759
-0.326698 -0.063724 2.458483
-0.419562 -0.349760 2.613772
-0.503900 -0.669016 2.764478
-0.499741 -0.722472 2.660412
-0.178046 -0.054560 2.464583
-0.178635 -0.391748 2.568382
-0.122736 -0.702601 2.576777
-0.123094 -0.754962 2.472474
-0.258606 0.469808 2.298210
-0.646364 0.286095 2.741149
-0.647157 0.281085 2.728889
-0.441977 0.027017 2.436215
-0.435579 0.013652 2.419000
