-0.431625 -0.029382 2.619688
-0.443660 0.273870 2.499354
-0.455901 0.567768 2.369700
-0.434116 0.705028 2.348857
-0.543538 0.495715 2.422462
-0.681575 0.490059 2.592880
-0.606016 0.739970 2.686928
-0.619958 0.738781 2.712878
-0.290576 0.427557 2.365787
-0.233235 0.224488 2.489429
-0.224259 0.054443 2.650365
-0.263142 -0.012130 2.605948
-0.495867 -0.026592 2.599195
-0.524989 -0.337210 2.721517
-0.508966 -0.668555 2.794192
-0.481762 -0.710627 2.827359
-0.355730 -0.031365 2.569372
-0.286184 -0.350618 2.676104
-0.257943 -0.675763 2.612303
-0.279686 -0.732957 2.541707
-0.452876 0.495543 2.403887
-0.619364 0.767056 2.750405
-0.602431 0.749608 2.740500
-0.257165 -0.063343 2.606110
-0.260543 -0.020437 2.559289
