-0.080770 -0.166196 2.075526
-0.077370 0.141548 2.038299
-0.073622 0.438750 1.987934
-0.058737 0.577523 1.921462
-0.228827 0.333781 2.011029
-0.286988 0.059503 2.055002
-0.301943 -0.176570 2.059937
-0.300602 -0.196526 2.063204
0.101664 0.318053 1.973796
0.132447 0.063272 2.004065
0.122349 -0.172566 1.966629
0.097271 -0.184119 1.969443
-0.152433 -0.158814 2.047202
-0.131603 -0.454305 2.167527
-0.108960 -0.780333 2.284316
-0.120202 -0.852830 2.219673
-0.006290 -0.167821 2.031938
0.035173 -0.464801 2.113092
0.068460 -0.776964 2.336399
0.090884 -0.838491 2.280529
-0.074627 0.365957 2.002774
-0.309240 -0.267491 2.067615
-0.248872 -0.222063 2.010909
0.093462 -0.252719 1.955739
0.064396 -0.159777 1.969682
