-0.118386 -0.020829 2.385610
-0.112691 0.261787 2.316896
-0.089986 0.546384 2.238865
-0.043270 0.643499 2.280745
-0.148549 0.411776 2.157784
-0.110604 0.125890 2.144039
-0.047395 -0.074857 2.192225
-0.040068 -0.142951 2.236555
-0.017876 0.370097 2.164593
-0.069215 0.074530 2.144885
-0.027545 -0.112708 2.236487
-0.062874 -0.160437 2.257004
-0.179195 0.000656 2.304822
-0.105380 -0.409240 2.467916
-0.204473 -0.732732 2.571578
-0.129267 -0.775152 2.555883
-0.055527 -0.042511 2.392294
-0.003142 -0.399295 2.536279
-0.081499 -0.703515 2.759830
-0.035710 -0.755415 2.775982
-0.097818 0.474105 2.259735
-0.027470 -0.206999 2.258349
-0.049955 -0.173548 2.212412
-0.094617 -0.225691 2.281596
-0.098416 -0.134203 2.239029
