0.038875 -0.073829 2.359859
0.200071 0.221600 2.315901
0.351151 0.510388 2.258907
0.468027 0.601232 2.285793
0.255446 0.370882 2.143653
0.230782 0.106111 2.107420
0.264359 -0.106532 2.175289
0.238469 -0.155792 2.219111
0.485130 0.448680 2.362661
0.314296 0.204621 2.243304
0.449142 0.053104 2.463478
0.558868 -0.044567 2.574516
0.010248 -0.066008 2.292086
0.141922 -0.421398 2.329329
0.145357 -0.764373 2.408814
0.212867 -0.803491 2.432286
0.066893 -0.079513 2.349175
0.132080 -0.451625 2.432125
0.061425 -0.717646 2.587370
0.155722 -0.747477 2.541038
0.314542 0.439458 2.275094
0.256201 -0.225709 2.254379
0.198445 -0.195158 2.185947
0.590015 -0.100910 2.590133
0.602700 -0.043131 2.575838
