0.342205 -0.122009 2.154671
0.302146 0.187731 2.077213
0.261968 0.487346 1.987152
0.326401 0.609315 1.974229
0.189936 0.351359 1.926389
0.179345 0.064416 1.890980
0.267295 -0.148419 1.911532
0.286901 -0.213870 1.957782
0.393242 0.405517 2.087178
0.452261 0.145285 2.191604
0.590043 -0.019890 2.255561
0.621610 -0.042302 2.238696
0.278672 -0.123125 2.095579
0.363249 -0.482111 2.081781
0.388075 -0.823594 2.134634
0.464019 -0.875181 2.101665
0.394630 -0.117028 2.141926
0.319045 -0.462728 2.145263
0.219789 -0.761122 2.385493
0.264844 -0.808986 2.366211
0.272167 0.413984 2.011849
0.327566 -0.307549 1.991504
0.341042 -0.154630 1.992360
0.711341 -0.135274 2.262650
0.700589 -0.078795 2.280000
