0.611439 -0.159514 1.986930
0.623296 0.150744 1.914360
0.629586 0.451593 1.829744
0.696739 0.584735 1.806991
0.533980 0.314434 1.767264
0.580806 0.066223 1.724019
0.806447 0.142183 1.845482
0.826711 0.169033 1.886011
0.751502 0.366258 1.945473
0.595798 0.114014 1.794327
0.827586 0.124116 1.820866
0.811843 0.152574 1.857686
0.554081 -0.136747 1.920429
0.558147 -0.483155 2.012307
0.538980 -0.837772 2.115628
0.623687 -0.878046 2.094028
0.646828 -0.176280 1.985293
0.530245 -0.486201 2.199653
0.510660 -0.761766 2.297897
0.600585 -0.777542 2.228404
0.628878 0.377885 1.852906
0.859839 0.209416 1.950806
0.798497 0.184783 1.904857
0.834403 0.187499 1.896005
0.781813 0.174315 1.849909
