0.120911 -0.119708 2.235469
0.102830 0.198579 2.175889
0.083234 0.505983 2.099342
0.145107 0.624132 2.066056
0.025911 0.352939 2.013053
0.008690 0.092439 1.992805
0.108095 -0.118560 2.025793
0.101998 -0.161809 2.079763
0.175177 0.415210 2.211918
0.241081 0.167224 2.342607
0.242056 -0.110895 2.480796
0.242782 -0.203248 2.530716
0.078264 -0.114220 2.171032
0.036731 -0.466569 2.226225
-0.068626 -0.767707 2.376266
0.000071 -0.825944 2.338326
0.158623 -0.121412 2.226016
0.164039 -0.410501 2.383124
0.045714 -0.758620 2.436463
0.112978 -0.800250 2.466214
0.088429 0.431127 2.120688
0.130155 -0.224627 2.099571
0.059752 -0.207512 2.066050
0.245194 -0.202553 2.522696
0.240567 -0.201393 2.507629
