0.071525 -0.096030 2.301939
0.065921 0.203500 2.239342
0.059608 0.493670 2.162878
0.027292 0.633300 2.104902
-0.091882 0.393370 2.239472
-0.125779 0.118895 2.348661
-0.144760 -0.107823 2.403182
-0.145666 -0.119258 2.415842
0.197957 0.378233 2.119355
0.278023 0.125104 2.174822
0.298711 -0.111264 2.170426
0.274332 -0.121799 2.177660
0.002359 -0.094160 2.287892
-0.014630 -0.396331 2.430423
0.050729 -0.792211 2.393768
0.075553 -0.834128 2.270671
0.138349 -0.094961 2.243937
0.105461 -0.455624 2.306645
0.122016 -0.807940 2.292471
0.075656 -0.861296 2.250724
0.061275 0.422525 2.184267
-0.137289 -0.186966 2.447902
-0.161715 -0.114652 2.401000
0.280758 -0.199476 2.193823
0.307411 -0.123288 2.159650
