0.255095 -0.094325 2.345765
0.234112 0.225680 2.285054
0.211466 0.535723 2.212488
0.284015 0.653492 2.184782
0.134590 0.386732 2.136967
0.092089 0.133821 2.120872
0.157754 -0.093410 2.130144
0.183119 -0.147686 2.155107
0.333857 0.411324 2.306938
0.207698 0.166520 2.120843
0.092758 -0.134052 2.112650
0.096829 -0.169898 2.223519
0.194005 -0.091500 2.285253
0.139984 -0.439200 2.380789
0.081559 -0.735792 2.510990
0.077638 -0.804311 2.437750
0.308220 -0.094353 2.334976
0.292942 -0.433555 2.500161
0.242571 -0.734205 2.567653
0.285991 -0.771949 2.577388
0.217326 0.459699 2.232732
0.202037 -0.191895 2.168831
0.165486 -0.159305 2.126654
0.101148 -0.186538 2.214609
0.112312 -0.180570 2.197000
