-0.626893 -0.188996 1.923503
-0.636066 0.130745 1.877065
-0.639492 0.438718 1.814422
-0.679485 0.568284 1.774665
-0.811537 0.234035 1.825645
-0.950222 0.092631 1.933038
-0.775402 0.266325 1.716643
-0.715083 0.329828 1.626717
-0.499824 0.315397 1.773304
-0.447486 0.107651 1.646676
-0.571038 0.334012 1.628001
-0.631321 0.348533 1.615947
-0.684119 -0.197483 1.897686
-0.712071 -0.484467 2.073518
-0.698110 -0.798131 2.212656
-0.763294 -0.863262 2.188792
-0.544140 -0.173549 1.882749
-0.527492 -0.468767 1.984271
-0.500027 -0.829886 2.100873
-0.513568 -0.890352 2.045443
-0.639087 0.363321 1.832416
-0.682293 0.367899 1.599829
-0.663390 0.314911 1.640227
-0.659253 0.391249 1.616901
-0.665342 0.315379 1.642917
