-0.643943 -0.188092 1.946691
-0.647377 0.125378 1.882564
-0.647179 0.427973 1.807981
-0.692334 0.549607 1.760423
-0.839551 0.254536 1.882880
-0.977818 0.105186 1.981647
-0.834740 0.286960 1.749258
-0.747986 0.347362 1.661862
-0.512327 0.286501 1.769438
-0.447536 0.060694 1.694711
-0.606591 0.232340 1.662301
-0.617322 0.290318 1.694826
-0.706794 -0.193498 1.931130
-0.714578 -0.477531 2.077648
-0.698708 -0.797421 2.213556
-0.763785 -0.862466 2.191446
-0.558614 -0.175772 1.895709
-0.534612 -0.460446 1.995980
-0.500508 -0.827833 2.103934
-0.514018 -0.889554 2.049412
-0.647954 0.354148 1.828643
-0.719846 0.377921 1.637659
-0.773753 0.372027 1.633000
-0.673973 0.371272 1.695693
-0.658592 0.236436 1.737872
