-0.635880 -0.187696 1.955457
-0.642285 0.129589 1.898102
-0.643593 0.436922 1.830950
-0.688753 0.559054 1.784094
-0.824642 0.242910 1.888531
-0.992029 0.165419 2.011820
-0.806925 0.254405 1.833790
-0.773188 0.295947 1.656911
-0.514808 0.313922 1.796157
-0.501826 0.093103 1.684777
-0.655359 0.269978 1.662001
-0.671380 0.306130 1.665962
-0.697757 -0.193105 1.934677
-0.710911 -0.484656 2.092831
-0.699333 -0.794671 2.216682
-0.762896 -0.861796 2.186341
-0.550873 -0.175433 1.908094
-0.533898 -0.458615 2.000682
-0.500644 -0.828710 2.104108
-0.515064 -0.891179 2.047079
-0.644029 0.361640 1.849662
-0.754030 0.315950 1.627523
-0.720921 0.318404 1.685750
-0.701067 0.370513 1.659118
-0.645595 0.352618 1.638115
