-0.113700 -0.003314 2.630573
-0.173959 0.308830 2.570916
-0.238284 0.614242 2.497721
-0.285805 0.766802 2.532530
-0.317778 0.428986 2.395030
-0.308138 0.191015 2.413566
-0.021814 0.240876 2.455698
-0.046840 0.191381 2.457292
-0.186825 0.471998 2.398631
-0.263168 0.232818 2.383645
-0.397714 0.190954 2.559175
-0.422957 0.157514 2.651338
-0.175037 -0.013688 2.662179
-0.104835 -0.386776 2.783464
-0.099634 -0.700161 2.584245
-0.130090 -0.768781 2.527256
-0.049139 0.007169 2.526981
-0.190612 -0.368785 2.543992
-0.117274 -0.723611 2.570623
-0.195737 -0.769508 2.528399
-0.224147 0.538016 2.514042
-0.009510 0.149231 2.498649
-0.039776 0.263169 2.454304
-0.429473 0.092228 2.696335
-0.424625 0.202562 2.607444
