0.443249 -0.102062 2.213437
0.457160 0.208228 2.144885
0.471739 0.509503 2.064139
0.503393 0.660063 2.062943
0.395392 0.392219 2.038213
0.613339 0.168141 1.998706
0.798576 0.059708 2.079529
0.898238 0.047140 2.136836
0.596490 0.412658 2.147574
0.666492 0.125581 2.111978
0.708967 -0.137445 2.265979
0.736585 -0.235370 2.277591
0.373575 -0.103346 2.112670
0.362275 -0.383202 2.371500
0.212559 -0.740697 2.474533
0.290049 -0.797191 2.448819
0.498961 -0.097579 2.243051
0.451577 -0.458334 2.342742
0.536860 -0.782411 2.417074
0.571119 -0.828545 2.322600
0.468349 0.435531 2.086432
0.973547 0.017635 2.176956
0.955710 0.006305 2.171750
0.736973 -0.311792 2.312252
0.730862 -0.204770 2.302000
