-0.352192 -0.067957 2.144996
-0.370486 0.219620 2.081484
-0.385932 0.497676 2.006154
-0.383245 0.625120 1.929007
-0.554780 0.405596 2.038135
-0.619748 0.160934 2.097239
-0.594997 -0.051212 2.062667
-0.575562 -0.121514 2.051359
-0.211381 0.416047 2.038582
-0.134535 0.170313 2.105960
-0.129941 -0.055030 2.080796
-0.146438 -0.105597 2.084489
-0.419762 -0.072306 2.110006
-0.455481 -0.409278 2.199285
-0.462791 -0.779856 2.299034
-0.514472 -0.871129 2.269148
-0.273387 -0.061455 2.111786
-0.190850 -0.402931 2.197389
-0.121174 -0.794465 2.384652
-0.074098 -0.860296 2.350373
-0.382551 0.429557 2.027058
-0.559703 -0.196588 2.041193
-0.533781 -0.122018 2.033888
-0.173218 -0.194027 2.070541
-0.102267 -0.122615 2.070621
