-0.510511 -0.076733 2.135251
-0.510243 0.220802 2.081782
-0.508417 0.506846 2.015305
-0.535552 0.632677 1.951662
-0.656209 0.433108 2.090629
-0.732580 0.188459 2.194560
-0.804922 0.017237 2.077319
-0.846165 -0.000707 2.065683
-0.364995 0.401243 1.975245
-0.329900 0.175275 1.959417
-0.518800 -0.041401 1.931647
-0.556185 -0.082954 1.935528
-0.571136 -0.079010 2.122578
-0.538448 -0.460258 2.253006
-0.492692 -0.812769 2.334034
-0.567951 -0.882131 2.331928
-0.434313 -0.072518 2.080107
-0.350728 -0.487283 2.142370
-0.280522 -0.840061 2.240030
-0.277229 -0.911475 2.180439
-0.509113 0.436830 2.033963
-0.870105 -0.036886 2.041095
-0.849269 -0.068274 2.099222
-0.606425 -0.139493 1.929697
-0.530786 -0.121373 1.995807
