0.096200 -0.082549 2.427012
0.152983 0.277017 2.413937
0.192778 0.620854 2.367957
0.310656 0.712884 2.426059
0.097898 0.465623 2.246137
0.066590 0.222364 2.187012
0.161026 0.014447 2.213252
0.184091 -0.052517 2.254497
0.279784 0.499314 2.475486
0.274822 0.273293 2.643287
0.265715 0.041064 2.578842
0.306123 -0.035884 2.590398
0.045586 -0.057494 2.346989
0.031557 -0.403591 2.418402
-0.055999 -0.777486 2.481730
-0.001186 -0.853073 2.430789
0.144009 -0.105225 2.438022
0.191573 -0.431261 2.672632
0.210729 -0.739106 2.774383
0.271915 -0.752021 2.796219
0.186322 0.536264 2.384028
0.219804 -0.118508 2.267021
0.125830 -0.099953 2.289400
0.320289 -0.100187 2.603103
0.272342 -0.023584 2.527300
