0.660239 -0.158211 1.993891
0.684634 0.171025 1.918718
0.703041 0.488768 1.833593
0.817984 0.593092 1.836252
0.572199 0.350777 1.757206
0.486225 0.073487 1.749295
0.525914 -0.136692 1.750467
0.542815 -0.187972 1.780600
0.859550 0.332260 2.056151
0.972815 0.203596 2.164607
1.162322 0.232853 2.070052
1.216682 0.268394 2.044642
0.598892 -0.143547 1.919827
0.557122 -0.481967 1.972895
0.546243 -0.871145 2.069072
0.606926 -0.939645 2.032053
0.699404 -0.167719 2.004858
0.538889 -0.490326 2.270687
0.514629 -0.820932 2.339582
0.619076 -0.831696 2.338132
0.699242 0.410834 1.856628
0.553456 -0.269583 1.811986
0.601616 -0.156883 1.803730
1.282301 0.263716 2.007035
1.203267 0.296562 2.021469
