0.673549 -0.135081 2.092438
0.729693 0.194523 2.026858
0.779690 0.513439 1.950437
0.911022 0.605451 1.979595
0.642557 0.378134 1.851203
0.578703 0.148519 1.824608
0.776885 0.004243 1.862802
0.813958 -0.005300 1.871768
0.927391 0.331267 2.133319
1.097732 0.221634 2.172429
1.282790 0.297863 2.103221
1.285193 0.305359 2.090430
0.619108 -0.108668 2.002319
0.571173 -0.482201 2.033558
0.555293 -0.875121 2.075615
0.607226 -0.941491 2.028394
0.707983 -0.155310 2.120062
0.602713 -0.570497 2.207343
0.521406 -0.892533 2.430145
0.583741 -0.858508 2.307257
0.768177 0.435234 1.971414
0.915165 -0.026142 1.896529
0.818982 0.018204 1.838257
1.285806 0.337708 2.062822
1.282772 0.258541 2.077286
