0.205732 -0.037486 2.331934
0.195317 0.262314 2.277648
0.184237 0.552748 2.211726
0.189492 0.685843 2.164368
0.020586 0.455909 2.235624
-0.042472 0.197353 2.282998
-0.061317 -0.016178 2.258224
-0.053594 -0.078356 2.268802
0.353465 0.450873 2.241904
0.428394 0.202218 2.309561
0.473589 -0.006638 2.282523
0.483273 -0.060165 2.280563
0.126273 -0.040860 2.297109
0.076358 -0.384853 2.398396
0.049888 -0.752890 2.502877
0.003482 -0.846850 2.448479
0.279160 -0.033008 2.298196
0.331478 -0.364103 2.414502
0.361111 -0.731459 2.563979
0.403899 -0.817472 2.537945
0.187146 0.481507 2.230279
-0.051340 -0.145011 2.271395
-0.033123 -0.107145 2.240679
0.489280 -0.120116 2.269529
0.517036 -0.077880 2.263375
