-0.432611 -0.353926 2.630039
-0.443480 -0.081074 2.622191
-0.451567 0.186121 2.602672
-0.462759 0.303234 2.548583
-0.625030 0.122881 2.627026
-0.857347 0.182606 2.576222
-0.910462 0.106201 2.375335
-0.930816 0.065105 2.292322
-0.298393 0.102553 2.619641
-0.220856 -0.102834 2.634068
-0.258398 -0.270963 2.478177
-0.296013 -0.314835 2.407692
-0.508823 -0.355312 2.590738
-0.618397 -0.436811 2.239579
-0.660122 -0.858801 2.198317
-0.653778 -0.906867 2.085064
-0.345365 -0.343423 2.601929
-0.211519 -0.430434 2.231029
-0.179175 -0.857928 2.208005
-0.179351 -0.905634 2.093662
-0.449990 0.120112 2.609723
-0.971492 0.027278 2.205873
-0.922312 -0.004787 2.299064
-0.296696 -0.372284 2.334083
-0.237133 -0.304643 2.413500
