0.697831 -0.054437 2.388130
0.742929 0.247964 2.295865
0.784142 0.544058 2.192427
0.861404 0.647353 2.152539
0.679971 0.400100 2.143232
0.820669 0.170822 2.198129
1.028515 0.091933 2.270588
1.074252 0.077772 2.265677
0.886768 0.411370 2.332219
0.805664 0.150028 2.223099
1.067257 0.061563 2.261923
1.091018 0.056816 2.245178
0.634156 -0.038906 2.352636
0.572942 -0.446343 2.293352
0.564316 -0.821316 2.298146
0.623614 -0.899409 2.273778
0.742068 -0.065048 2.358757
0.743390 -0.386762 2.452339
0.527457 -0.766882 2.541529
0.580105 -0.821359 2.456178
0.774332 0.471711 2.219815
1.121213 0.086398 2.280143
1.047994 0.127106 2.292000
1.140754 0.062326 2.229722
1.109116 0.087453 2.264300
