0.709107 -0.057595 2.393343
0.753803 0.246064 2.301845
0.792895 0.542537 2.197795
0.872974 0.644677 2.158645
0.686842 0.398424 2.149161
0.832513 0.162233 2.208283
1.039698 0.076972 2.273607
1.084493 0.066008 2.266194
0.895494 0.409868 2.337585
0.833112 0.175474 2.207644
1.081372 0.057884 2.272722
1.098273 0.049158 2.248242
0.647147 -0.040477 2.354062
0.575961 -0.445554 2.291488
0.564463 -0.822663 2.300014
0.614775 -0.896387 2.271848
0.751527 -0.072318 2.366194
0.740333 -0.399198 2.447226
0.528629 -0.780461 2.540425
0.531250 -0.854004 2.474609
0.784077 0.469421 2.225813
1.140676 0.077322 2.269404
1.070414 0.116802 2.286263
1.141951 0.044295 2.214806
1.123052 0.031811 2.190589
