0.486016 -0.031691 2.376244
0.529452 0.282185 2.317332
0.568164 0.586509 2.247354
0.626152 0.711706 2.225877
0.457635 0.449084 2.159662
0.510690 0.202441 2.136179
0.697026 0.125404 2.187743
0.754240 0.076300 2.210347
0.671589 0.453701 2.387104
0.723346 0.235859 2.506285
0.792312 0.089122 2.258603
0.800559 0.046102 2.226714
0.424941 -0.025905 2.307769
0.240192 -0.455174 2.356509
0.089530 -0.800582 2.475281
0.088245 -0.856778 2.387175
0.532024 -0.037641 2.377412
0.499404 -0.394484 2.468211
0.492763 -0.746305 2.543813
0.570096 -0.798543 2.567903
0.559202 0.511812 2.266823
0.825494 0.019669 2.241999
0.703779 0.071787 2.194500
0.829628 0.018653 2.242326
0.786079 0.066401 2.195650
