-0.311471 -0.091227 2.099308
-0.433039 0.207998 2.022995
-0.551738 0.496034 1.935679
-0.636281 0.603576 1.907480
-0.671354 0.401294 2.049356
-0.611669 0.147486 1.900689
-0.803694 0.071308 1.929575
-0.814722 0.099878 2.023577
-0.429891 0.372966 1.908809
-0.563302 0.116741 1.849895
-0.778301 0.071817 2.011495
-0.832519 0.092782 2.050279
-0.358560 -0.107443 2.065962
-0.324498 -0.464356 2.121317
-0.287931 -0.844212 2.207666
-0.364224 -0.873378 2.252133
-0.254182 -0.072280 2.065208
-0.171723 -0.472207 2.215588
-0.010650 -0.777424 2.329276
-0.120117 -0.806860 2.281604
-0.523262 0.425270 1.959939
-0.840782 0.095398 2.031545
-0.793435 0.078532 2.015417
-0.886586 0.067043 2.116344
-0.796888 0.056847 2.060750
