-0.166244 -0.073317 2.124364
-0.194571 0.249661 2.051620
-0.220148 0.561459 1.966818
-0.201460 0.695825 1.946486
-0.323408 0.383741 1.903778
-0.362597 0.148751 2.005102
-0.489231 0.154522 2.249575
-0.504035 0.120755 2.340482
-0.064647 0.437541 1.989239
-0.288507 0.249145 1.962555
-0.522579 0.197049 2.108419
-0.551155 0.177714 2.200176
-0.232812 -0.080124 2.075900
-0.305830 -0.456721 2.201478
-0.298070 -0.816713 2.222445
-0.359819 -0.887903 2.235393
-0.094119 -0.064208 2.104072
-0.054809 -0.458059 2.184872
-0.059585 -0.832958 2.282776
-0.173223 -0.849132 2.252340
-0.214160 0.485188 1.990079
-0.514181 0.122003 2.357700
-0.497738 0.108386 2.321391
-0.562802 0.203383 2.233809
-0.541065 0.145529 2.164124
