0.296675 -0.029734 2.382477
0.344658 0.268376 2.318524
0.391542 0.556943 2.243657
0.509212 0.634186 2.233308
0.226923 0.450887 2.182576
0.093540 0.268055 2.179923
0.195939 0.091311 2.103844
0.258295 0.018334 2.061627
0.480500 0.433772 2.349533
0.531818 0.170712 2.448471
0.523949 -0.041083 2.468047
0.550935 -0.093164 2.493959
0.233799 -0.024651 2.309511
0.152348 -0.338983 2.408520
0.060618 -0.714499 2.617370
0.108626 -0.767912 2.519902
0.351141 -0.033614 2.386268
0.396754 -0.375461 2.457926
0.411627 -0.740092 2.547581
0.456190 -0.830412 2.510216
0.380195 0.486170 2.264369
0.285100 -0.039652 2.045121
0.283156 -0.008223 2.122250
0.571551 -0.160900 2.530281
0.522694 -0.097603 2.471522
