0.335359 -0.038986 2.321271
0.368865 0.249495 2.249345
0.397614 0.528724 2.165710
0.458368 0.645546 2.111451
0.232087 0.444424 2.156460
0.129716 0.248689 2.197555
0.201698 0.075696 2.083216
0.214312 0.008196 2.028720
0.549574 0.405308 2.241468
0.585013 0.192652 2.287858
0.548559 0.006055 2.178267
0.510951 -0.044818 2.128307
0.259648 -0.035617 2.273315
0.149016 -0.418453 2.334741
0.056464 -0.813291 2.354206
0.018389 -0.868835 2.267489
0.400980 -0.041157 2.300405
0.430959 -0.379376 2.412158
0.419124 -0.749034 2.548212
0.467941 -0.844126 2.520995
0.391083 0.460252 2.188638
0.226806 -0.033297 1.996432
0.240335 -0.010094 2.070400
0.483187 -0.096075 2.090591
0.465863 -0.064549 2.128333
